1x 9 39 40 42 43 48
1x 9 35 42 43 44 46
1x 9 34 41 42 43 46
1x 9 33 37 40 46 47
1x 9 32 38 40 44 49
1x 9 31 36 37 40 45
1x 9 30 35 41 44 48
1x 9 30 32 34 41 48
1x 9 29 33 39 43 45
1x 9 28 41 42 45 47
1x 9 28 36 43 44 49
1x 9 28 29 38 46 49
1x 9 27 32 37 44 47
1x 9 27 30 33 36 48
1x 9 26 36 41 42 45
1x 9 25 31 33 34 48
1x 9 24 35 37 38 45
1x 9 24 29 30 34 45
1x 9 24 28 30 31 49
1x 9 24 26 37 44 46
1x 9 24 26 33 40 47
1x 9 24 26 30 36 37
1x 9 24 26 29 39 49
1x 9 24 25 27 35 39
1x 9 23 29 37 39 43
1x 9 23 28 32 44 46
1x 9 23 25 31 40 46
1x 9 23 25 26 40 48
1x 9 22 34 38 41 45
1x 9 22 34 37 45 48
1x 9 22 31 35 43 48
1x 9 22 27 35 39 46
1x 9 22 26 29 41 42
1x 9 21 36 41 42 48
1x 9 21 29 31 37 43
1x 9 21 27 30 32 46
1x 9 21 26 29 36 38
1x 9 21 25 27 39 40
1x 9 21 24 37 39 42
1x 9 21 23 38 43 47
1x 9 21 22 40 43 45
1x 9 20 37 39 46 48
1x 9 20 26 27 32 48
1x 9 20 22 27 29 40
1x 9 20 21 27 33 42
1x 9 19 32 36 37 39
1x 9 19 32 34 38 41
1x 9 19 26 34 43 47
1x 9 19 24 39 42 43
1x 9 19 23 38 45 49
1x 9 19 22 23 36 37
1x 9 19 21 29 44 46
1x 9 19 21 24 34 35
1x 9 19 20 27 30 39
1x 9 18 27 29 33 36
1x 9 18 26 35 39 45
1x 9 18 24 26 30 34
1x 9 18 23 27 29 40
1x 9 18 21 34 36 39
1x 9 18 20 23 32 34
1x 9 18 20 22 24 25
1x 9 17 30 33 42 43
1x 9 17 21 22 32 33
1x 9 17 21 22 28 32
1x 9 17 20 23 24 31
1x 9 17 19 24 43 49
1x 9 17 18 37 43 48
1x 9 17 18 20 29 40
1x 9 17 18 19 40 46
1x 9 17 18 19 31 49
1x 9 16 34 36 38 41
1x 9 16 30 37 41 49
1x 9 16 26 30 35 42
1x 9 16 26 29 35 40
1x 9 16 25 27 35 39
1x 9 16 22 26 44 46
1x 9 16 20 23 33 37
1x 9 16 19 24 36 42
1x 9 16 18 41 47 48
1x 9 16 17 29 37 44
1x 9 15 34 38 43 44
1x 9 15 33 37 42 49
1x 9 15 28 31 42 43
1x 9 15 26 29 38 42
1x 9 15 25 33 38 49
1x 9 15 22 26 34 41
1x 9 15 20 21 33 40
1x 9 15 19 31 38 43
1x 9 15 19 25 40 47
1x 9 15 17 26 29 42
1x 9 14 24 27 33 36
1x 9 14 23 24 41 42
1x 9 14 22 26 34 36
1x 9 14 22 23 38 44
1x 9 14 21 23 28 36
1x 9 14 20 37 44 47
1x 9 14 19 27 31 39
1x 9 13 28 35 46 47
1x 9 13 28 32 42 47
1x 9 13 26 30 37 41
1x 9 13 24 25 31 44
1x 9 13 23 27 38 40
1x 9 13 22 41 47 48
1x 9 13 20 26 31 42
1x 9 13 18 24 29 30
1x 9 13 17 21 29 47
1x 9 13 16 34 36 37
1x 9 13 16 18 38 41
1x 9 13 15 26 38 43
1x 9 13 15 16 28 31
1x 9 13 14 34 38 49
1x 9 13 14 33 42 45
1x 9 13 14 20 36 44
1x 9 13 14 16 28 47
1x 9 12 32 38 43 48
1x 9 12 26 27 40 45
1x 9 12 25 26 28 45
1x 9 12 23 28 31 38
1x 9 12 21 31 37 44
1x 9 12 19 30 33 49
1x 9 12 19 24 37 38
1x 9 12 19 22 26 27
1x 9 12 19 21 26 47
1x 9 12 18 31 38 41
1x 9 12 16 21 41 42
1x 9 12 15 19 24 38
1x 9 12 15 16 22 28
1x 9 12 14 27 32 46
1x 9 12 14 20 26 48
1x 9 12 13 25 29 33
1x 9 12 13 24 26 48
1x 9 11 33 36 41 49
1x 9 11 32 41 45 49
1x 9 11 31 42 45 47
1x 9 11 30 36 45 49
1x 9 11 29 32 36 38
1x 9 11 26 33 35 36
1x 9 11 26 27 36 46
1x 9 11 25 28 41 48
1x 9 11 24 34 35 41
1x 9 11 23 32 33 39
1x 9 11 22 29 46 48
1x 9 11 22 26 35 39
1x 9 11 21 25 37 44
1x 9 11 21 25 37 40
1x 9 11 21 24 27 48
1x 9 11 20 38 42 47
1x 9 11 20 31 35 42
1x 9 11 20 25 43 47
1x 9 11 20 24 34 39
1x 9 11 20 21 26 42
1x 9 11 18 30 36 46
1x 9 11 18 23 36 45
1x 9 11 17 24 35 43
1x 9 11 16 19 42 44
1x 9 11 15 28 46 47
1x 9 11 15 18 33 46
1x 9 11 13 26 31 48
1x 9 11 13 22 40 46
1x 9 11 12 23 24 31
1x 9 11 12 21 34 44
1x 9 11 12 20 37 49
1x 9 10 36 37 42 43
1x 9 10 34 39 40 49
1x 9 10 33 34 41 45
1x 9 10 29 41 46 47
1x 9 10 24 28 39 42
1x 9 10 24 27 36 39
1x 9 10 23 24 36 49
1x 9 10 22 25 30 47
1x 9 10 21 22 24 44
1x 9 10 20 32 36 47
1x 9 10 20 21 30 34
1x 9 10 19 20 31 45
1x 9 10 18 19 27 47
1x 9 10 17 33 46 47
1x 9 10 17 33 37 45
1x 9 10 17 23 27 35
1x 9 10 17 20 22 47
1x 9 10 17 18 21 36
1x 9 10 16 22 23 45
1x 9 10 15 21 27 47
1x 9 10 15 17 20 40
1x 9 10 14 29 37 48
1x 9 10 13 26 31 34
1x 9 10 13 20 32 37
1x 9 10 11 28 40 46
1x 9 10 11 27 35 46
1x 9 10 11 16 35 44
1x 8 9 32 34 46 48
1x 8 9 29 30 33 43
1x 8 9 26 34 42 47
1x 8 9 25 33 39 45
1x 8 9 25 26 34 45
1x 8 9 23 29 34 43
1x 8 9 22 27 29 49
1x 8 9 19 24 34 43
1x 8 9 18 29 38 46
1x 8 9 17 25 42 43
1x 8 9 16 20 35 45
1x 8 9 15 18 30 42
1x 8 9 14 28 37 47
1x 8 9 13 21 26 29
1x 8 9 13 14 21 41
1x 8 9 11 19 31 48
1x 8 9 10 16 33 46
1x 8 9 10 15 27 36
1x 8 37 39 41 46 48
1x 8 33 38 44 47 49
1x 8 32 36 38 43 47
1x 8 31 37 38 42 43
1x 8 31 32 33 43 46
1x 8 30 32 40 44 48
1x 8 29 30 34 35 39
1x 8 28 31 34 35 49
1x 8 27 30 40 46 49
1x 8 26 36 38 40 46
1x 8 26 33 41 43 45
1x 8 26 28 29 31 35
1x 8 25 38 41 42 49
1x 8 25 32 33 38 48
1x 8 24 35 41 47 49
1x 8 24 26 28 29 43
1x 8 23 31 33 35 39
1x 8 23 28 40 42 45
1x 8 23 27 29 43 47
1x 8 22 26 30 31 48
1x 8 22 25 33 43 48
1x 8 22 24 30 36 40
1x 8 22 23 31 35 49
1x 8 21 34 35 39 43
1x 8 21 27 32 38 40
1x 8 21 24 46 48 49
1x 8 21 24 32 43 49
1x 8 21 24 27 42 44
1x 8 21 22 23 42 43
1x 8 20 36 40 42 47
1x 8 20 32 33 43 49
1x 8 20 31 39 40 46
1x 8 20 26 35 38 42
1x 8 20 25 35 46 47
1x 8 20 25 31 40 47
1x 8 20 25 30 36 37
1x 8 20 23 27 30 39
1x 8 20 23 27 28 41
1x 8 20 22 34 44 46
1x 8 20 22 25 34 35
1x 8 20 22 24 34 49
1x 8 19 29 38 41 47
1x 8 19 28 36 39 40
1x 8 19 26 36 39 49
1x 8 19 26 27 41 47
1x 8 19 24 30 36 38
1x 8 19 22 29 32 40
1x 8 19 21 32 33 36
1x 8 19 21 25 34 48
1x 8 18 35 40 42 46
1x 8 18 26 27 28 49
1x 8 18 23 30 31 48
1x 8 18 23 25 38 42
1x 8 18 22 31 34 48
1x 8 18 22 27 29 45
1x 8 18 19 29 37 42
1x 8 17 37 39 40 45
1x 8 17 25 31 47 48
1x 8 17 24 26 31 45
1x 8 17 22 31 37 38
1x 8 17 22 25 44 49
1x 8 17 20 36 37 40
1x 8 17 19 33 43 45
1x 8 17 19 20 23 29
1x 8 17 18 19 31 41
1x 8 16 26 41 45 48
1x 8 16 22 27 28 29
1x 8 16 19 27 47 48
1x 8 16 18 36 38 45
1x 8 16 18 35 37 43
1x 8 16 18 28 34 46
1x 8 16 17 29 36 37
1x 8 16 17 28 29 43
1x 8 15 33 37 38 49
1x 8 15 32 41 45 48
1x 8 15 31 38 39 48
1x 8 15 28 32 34 40
1x 8 15 25 31 32 33
1x 8 15 24 28 37 40
1x 8 15 22 44 46 47
1x 8 15 22 30 38 40
1x 8 15 21 36 37 45
1x 8 15 20 38 41 43
1x 8 15 19 30 37 39
1x 8 15 18 27 30 35
1x 8 15 16 34 40 46
1x 8 15 16 33 44 47
1x 8 14 33 38 43 49
1x 8 14 29 32 36 37
1x 8 14 26 36 39 42
1x 8 14 26 33 47 49
1x 8 14 19 38 41 43
1x 8 14 17 34 38 43
1x 8 14 17 27 36 45
1x 8 14 16 29 30 45
1x 8 14 15 21 27 39
1x 8 13 32 39 47 48
1x 8 13 25 28 34 39
1x 8 13 24 34 45 47
1x 8 13 23 34 35 39
1x 8 13 22 32 40 43
1x 8 13 22 32 34 35
1x 8 13 21 24 26 28
1x 8 13 20 33 41 48
1x 8 13 19 33 45 47
1x 8 13 18 29 38 41
1x 8 13 18 29 35 49
1x 8 13 17 31 41 44
1x 8 13 17 19 24 43
1x 8 13 16 20 33 37
1x 8 13 14 30 32 44
1x 8 13 14 21 31 43
1x 8 13 14 19 39 44
1x 8 12 30 32 45 49
1x 8 12 30 32 35 38
1x 8 12 27 32 38 39
1x 8 12 26 27 39 45
1x 8 12 24 33 41 49
1x 8 12 19 33 43 45
1x 8 12 19 26 30 49
1x 8 12 18 20 24 33
1x 8 12 17 26 37 42
1x 8 12 17 21 35 40
1x 8 12 17 19 21 25
1x 8 12 16 22 23 26
1x 8 12 16 20 28 41
1x 8 12 15 29 31 40
1x 8 12 14 17 27 46
1x 8 12 14 17 22 25
1x 8 11 24 32 46 47
1x 8 11 23 25 27 34
1x 8 11 21 40 42 44
1x 8 11 21 30 35 45
1x 8 11 20 21 36 48
1x 8 11 17 19 31 41
1x 8 11 17 19 28 33
1x 8 11 16 17 37 47
1x 8 11 15 34 36 47
1x 8 11 15 27 42 49
1x 8 11 14 36 37 48
1x 8 11 13 14 33 36
1x 8 11 12 23 35 47
1x 8 11 12 21 22 49
1x 8 11 12 18 44 46
1x 8 10 37 39 41 43
1x 8 10 29 36 47 49
1x 8 10 28 40 43 46
1x 8 10 26 39 40 41
1x 8 10 23 32 36 43
1x 8 10 22 30 36 45
1x 8 10 22 26 31 37
1x 8 10 21 30 40 43
1x 8 10 20 29 30 44
1x 8 10 15 25 31 34
1x 8 10 13 27 39 49
1x 8 10 13 27 32 48
1x 8 10 11 33 34 42
1x 8 10 11 21 27 48
1x 8 10 11 18 23 45
1x 7 9 31 39 44 48
1x 7 9 29 42 46 49
1x 7 9 28 32 38 40
1x 7 9 25 36 44 46
1x 7 9 23 28 38 39
1x 7 9 21 31 35 45
1x 7 9 21 29 41 49
1x 7 9 20 22 26 29
1x 7 9 19 22 29 35
1x 7 9 18 26 32 40
1x 7 9 17 36 37 44
1x 7 9 17 18 27 47
1x 7 9 16 38 44 49
1x 7 9 16 17 26 32
1x 7 9 15 25 38 46
1x 7 9 13 14 17 36
1x 7 9 12 20 33 46
1x 7 9 12 19 22 43
1x 7 9 12 16 17 48
1x 7 9 12 13 14 49
1x 7 9 11 14 17 31
1x 7 9 11 13 32 40
1x 7 9 11 13 20 38
1x 7 9 10 25 33 35
1x 7 9 10 19 43 45
1x 7 9 10 15 32 33
1x 7 9 10 11 43 47
1x 7 9 10 11 18 23
1x 7 8 9 26 35 48
1x 7 8 31 35 36 49
1x 7 8 29 30 34 39
1x 7 8 27 30 43 47
1x 7 8 26 42 43 46
1x 7 8 26 37 40 43
1x 7 8 24 33 44 45
1x 7 8 24 30 33 37
1x 7 8 20 23 35 42
1x 7 8 20 22 30 41
1x 7 8 19 25 28 45
1x 7 8 18 19 32 49
1x 7 8 17 35 36 47
1x 7 8 17 31 44 48
1x 7 8 17 18 33 48
1x 7 8 16 17 25 27
1x 7 8 14 36 39 45
1x 7 8 13 32 33 43
1x 7 8 13 29 47 49
1x 7 8 12 23 39 44
1x 7 8 11 26 34 42
1x 7 8 10 31 32 38
1x 7 8 10 29 39 47
1x 7 8 10 18 27 49
1x 7 8 10 16 40 49
1x 7 33 37 41 47 49
1x 7 30 31 35 39 46
1x 7 29 35 36 39 42
1x 7 29 34 35 41 45
1x 7 28 31 33 35 47
1x 7 28 29 34 35 47
1x 7 27 37 40 44 49
1x 7 27 29 31 37 38
1x 7 27 28 29 34 40
1x 7 26 33 37 38 44
1x 7 26 31 32 36 41
1x 7 26 30 34 38 40
1x 7 25 30 31 34 49
1x 7 25 27 32 33 41
1x 7 25 27 30 37 47
1x 7 24 40 41 48 49
1x 7 24 35 36 43 47
1x 7 24 27 31 34 44
1x 7 24 25 31 35 46
1x 7 23 37 40 43 48
1x 7 23 34 35 37 42
1x 7 22 33 34 36 45
1x 7 22 28 36 43 44
1x 7 22 25 36 37 48
1x 7 22 23 38 47 49
1x 7 21 23 40 44 49
1x 7 21 23 33 41 45
1x 7 21 22 33 37 39
1x 7 21 22 28 39 47
1x 7 20 27 39 42 44
1x 7 20 27 29 42 48
1x 7 20 26 30 40 42
1x 7 20 22 24 33 37
1x 7 20 22 23 30 31
1x 7 19 38 40 42 49
1x 7 19 31 34 37 42
1x 7 19 29 37 42 46
1x 7 19 25 33 42 49
1x 7 19 23 33 38 42
1x 7 19 20 24 25 35
1x 7 18 34 38 40 49
1x 7 18 28 44 45 46
1x 7 18 27 33 35 37
1x 7 18 22 38 39 49
1x 7 18 21 23 32 42
1x 7 18 19 33 46 49
1x 7 17 35 39 40 44
1x 7 17 25 35 38 45
1x 7 17 25 26 33 44
1x 7 17 24 35 36 40
1x 7 17 23 40 46 49
1x 7 17 22 26 27 35
1x 7 17 19 22 23 27
1x 7 17 19 20 42 47
1x 7 16 32 38 46 48
1x 7 16 32 37 48 49
1x 7 16 27 33 35 44
1x 7 16 23 37 41 42
1x 7 16 21 23 26 33
1x 7 16 19 33 38 39
1x 7 16 18 25 26 41
1x 7 15 26 32 37 41
1x 7 15 23 25 32 46
1x 7 15 21 25 28 34
1x 7 15 18 35 41 44
1x 7 15 18 28 31 42
1x 7 15 16 32 35 36
1x 7 14 33 34 35 45
1x 7 14 30 36 38 39
1x 7 14 29 34 36 49
1x 7 14 26 30 33 43
1x 7 14 25 29 36 49
1x 7 14 24 33 43 49
1x 7 14 23 27 33 36
1x 7 14 22 36 41 46
1x 7 14 19 39 48 49
1x 7 14 19 29 32 33
1x 7 14 18 31 32 38
1x 7 14 17 33 40 42
1x 7 14 17 30 36 43
1x 7 14 16 24 31 32
1x 7 14 15 24 33 49
1x 7 14 15 20 23 46
1x 7 14 15 18 29 47
1x 7 13 34 36 42 43
1x 7 13 33 42 46 47
1x 7 13 29 39 42 46
1x 7 13 23 25 33 43
1x 7 13 22 23 35 38
1x 7 13 21 37 41 43
1x 7 13 21 22 25 33
1x 7 13 18 26 31 39
1x 7 13 18 22 26 36
1x 7 13 17 24 37 44
1x 7 13 17 20 23 43
1x 7 13 16 32 40 46
1x 7 13 16 32 40 43
1x 7 13 16 26 44 46
1x 7 13 15 28 33 39
1x 7 13 15 23 29 33
1x 7 13 15 17 44 46
1x 7 12 26 42 44 49
1x 7 12 26 29 45 46
1x 7 12 24 30 31 39
1x 7 12 24 26 44 45
1x 7 12 24 26 33 34
1x 7 12 19 30 33 35
1x 7 12 19 24 31 32
1x 7 12 17 24 30 38
1x 7 12 17 22 27 41
1x 7 12 15 16 30 42
1x 7 12 14 26 35 44
1x 7 12 14 17 19 44
1x 7 11 36 40 41 49
1x 7 11 34 35 47 49
1x 7 11 29 30 35 48
1x 7 11 27 28 41 47
1x 7 11 26 30 36 47
1x 7 11 22 38 43 49
1x 7 11 22 25 33 44
1x 7 11 21 25 26 41
1x 7 11 20 29 36 49
1x 7 11 19 23 42 49
1x 7 11 19 20 26 37
1x 7 11 18 22 27 39
1x 7 11 17 23 36 37
1x 7 11 17 19 26 36
1x 7 11 17 18 21 42
1x 7 11 16 24 39 49
1x 7 11 15 22 37 39
1x 7 11 14 35 41 45
1x 7 11 14 16 43 48
1x 7 11 13 19 23 30
1x 7 11 13 14 21 35
1x 7 10 34 37 40 41
1x 7 10 31 39 44 45
1x 7 10 29 40 42 43
1x 7 10 29 30 34 46
1x 7 10 28 42 43 45
1x 7 10 24 30 45 48
1x 7 10 23 34 36 43
1x 7 10 22 28 31 44
1x 7 10 22 25 32 43
1x 7 10 22 23 25 41
1x 7 10 21 36 39 42
1x 7 10 21 31 41 45
1x 7 10 19 32 34 41
1x 7 10 19 28 32 38
1x 7 10 18 25 29 32
1x 7 10 17 30 36 40
1x 7 10 17 25 28 41
1x 7 10 16 24 29 44
1x 7 10 16 23 35 49
1x 7 10 16 23 25 29
1x 7 10 16 19 22 40
1x 7 10 15 17 22 47
1x 7 10 14 36 40 48
1x 7 10 14 27 34 42
1x 7 10 14 15 40 41
1x 7 10 11 17 37 48
1x 7 10 11 15 43 48
1x 7 10 11 12 35 43
1x 6 9 35 38 39 45
1x 6 9 32 33 38 40
1x 6 9 29 33 36 44
1x 6 9 28 36 46 49
1x 6 9 25 30 41 42
1x 6 9 25 29 38 43
1x 6 9 22 31 35 36
1x 6 9 22 24 30 33
1x 6 9 21 38 44 49
1x 6 9 20 22 26 28
1x 6 9 19 24 35 39
1x 6 9 18 26 46 48
1x 6 9 17 23 28 46
1x 6 9 16 25 36 44
1x 6 9 16 23 26 47
1x 6 9 16 20 25 43
1x 6 9 15 17 40 45
1x 6 9 14 42 45 48
1x 6 9 14 27 28 39
1x 6 9 13 18 37 47
1x 6 9 13 16 31 45
1x 6 9 12 29 44 49
1x 6 9 12 22 35 37
1x 6 9 11 36 37 45
1x 6 9 11 25 26 31
1x 6 9 11 21 39 40
1x 6 9 10 22 41 46
1x 6 9 10 22 32 43
1x 6 9 10 22 29 33
1x 6 9 10 16 28 43
1x 6 9 10 12 37 42
1x 6 9 10 11 22 26
1x 6 8 9 34 41 48
1x 6 8 9 29 31 44
1x 6 8 9 24 34 40
1x 6 8 33 35 36 40
1x 6 8 27 28 31 47
1x 6 8 24 29 32 49
1x 6 8 23 24 35 36
1x 6 8 23 24 25 46
1x 6 8 21 33 34 35
1x 6 8 21 27 30 36
1x 6 8 19 26 34 47
1x 6 8 17 42 43 48
1x 6 8 17 29 33 49
1x 6 8 16 23 25 44
1x 6 8 16 20 33 47
1x 6 8 15 27 33 34
1x 6 8 14 28 32 36
1x 6 8 14 23 26 46
1x 6 8 14 20 27 34
1x 6 8 14 18 28 33
1x 6 8 13 15 48 49
1x 6 8 12 33 38 42
1x 6 8 11 25 29 33
1x 6 8 11 15 31 32
1x 6 8 11 15 26 33
1x 6 8 11 14 41 49
1x 6 8 10 16 21 34
1x 6 7 9 18 38 46
1x 6 7 9 15 20 25
1x 6 7 9 12 29 48
1x 6 7 9 12 15 40
1x 6 7 8 34 42 48
1x 6 7 8 26 34 35
1x 6 7 8 16 29 42
1x 6 7 36 39 42 46
1x 6 7 30 33 34 39
1x 6 7 28 29 34 43
1x 6 7 24 26 35 38
1x 6 7 22 26 36 43
1x 6 7 22 23 42 46
1x 6 7 21 25 33 48
1x 6 7 21 23 28 29
1x 6 7 20 35 44 47
1x 6 7 19 33 34 37
1x 6 7 19 22 46 47
1x 6 7 19 20 24 41
1x 6 7 18 31 36 37
1x 6 7 18 21 35 39
1x 6 7 16 24 46 48
1x 6 7 16 23 44 47
1x 6 7 15 33 42 47
1x 6 7 15 24 44 47
1x 6 7 15 20 27 34
1x 6 7 14 15 30 48
1x 6 7 13 18 32 33
1x 6 7 13 16 36 48
1x 6 7 12 32 39 45
1x 6 7 12 27 46 48
1x 6 7 12 26 29 44
1x 6 7 12 23 35 36
1x 6 7 12 17 18 34
1x 6 7 12 16 17 35
1x 6 7 11 39 42 49
1x 6 7 11 22 43 44
1x 6 7 11 16 23 48
1x 6 7 11 15 42 49
1x 6 7 11 13 32 43
1x 6 7 10 30 40 49
1x 6 7 10 18 35 43
1x 6 34 36 38 46 48
1x 6 33 35 39 45 47
1x 6 32 33 35 44 47
1x 6 31 34 42 44 49
1x 6 28 37 42 46 49
1x 6 28 32 34 47 48
1x 6 28 31 38 42 44
1x 6 28 31 36 38 48
1x 6 28 31 33 39 46
1x 6 27 31 41 45 46
1x 6 26 32 37 42 48
1x 6 26 27 32 41 49
1x 6 25 37 38 39 42
1x 6 25 27 30 34 39
1x 6 25 26 27 28 43
1x 6 24 33 35 39 47
1x 6 24 29 30 36 49
1x 6 23 41 42 46 47
1x 6 23 25 31 34 40
1x 6 22 39 41 43 49
1x 6 22 34 35 48 49
1x 6 22 33 35 41 44
1x 6 22 29 34 46 49
1x 6 22 27 34 35 43
1x 6 22 26 30 36 44
1x 6 22 24 32 45 47
1x 6 22 23 28 34 37
1x 6 22 23 24 33 39
1x 6 21 30 33 34 36
1x 6 21 29 33 43 45
1x 6 21 22 37 41 42
1x 6 21 22 35 38 48
1x 6 21 22 23 32 44
1x 6 20 33 37 38 41
1x 6 20 32 38 40 41
1x 6 20 29 32 33 44
1x 6 20 28 33 38 43
1x 6 20 26 38 46 49
1x 6 20 24 30 39 47
1x 6 20 22 31 38 49
1x 6 20 21 28 32 48
1x 6 20 21 22 24 30
1x 6 19 40 42 44 48
1x 6 19 34 37 39 46
1x 6 19 25 31 40 47
1x 6 19 23 30 36 45
1x 6 19 22 40 41 46
1x 6 19 22 26 35 36
1x 6 19 20 30 46 48
1x 6 18 29 40 48 49
1x 6 18 29 35 40 42
1x 6 18 26 35 36 45
1x 6 18 26 32 35 48
1x 6 18 25 33 34 45
1x 6 18 25 32 41 46
1x 6 18 23 24 35 45
1x 6 18 22 29 37 44
1x 6 18 22 23 31 38
1x 6 18 21 27 28 36
1x 6 18 19 26 29 39
1x 6 17 36 37 42 44
1x 6 17 35 39 41 49
1x 6 17 29 35 44 48
1x 6 17 28 37 41 45
1x 6 17 28 32 35 42
1x 6 17 26 39 44 47
1x 6 17 23 24 35 44
1x 6 17 21 34 35 39
1x 6 17 20 36 45 48
1x 6 17 20 27 35 39
1x 6 17 19 20 29 44
1x 6 17 18 37 41 49
1x 6 17 18 26 35 39
1x 6 17 18 19 24 44
1x 6 16 38 41 44 48
1x 6 16 30 35 44 45
1x 6 16 25 37 40 41
1x 6 16 22 28 34 35
1x 6 16 22 27 39 40
1x 6 16 22 26 28 47
1x 6 16 19 20 25 33
1x 6 16 18 22 29 41
1x 6 16 17 41 42 49
1x 6 16 17 19 28 30
1x 6 15 29 30 38 47
1x 6 15 28 46 47 49
1x 6 15 27 28 34 46
1x 6 15 23 24 25 32
1x 6 15 20 26 28 30
1x 6 15 19 26 44 45
1x 6 15 18 28 39 44
1x 6 15 18 23 36 47
1x 6 15 17 23 35 44
1x 6 15 17 22 34 46
1x 6 15 17 20 34 41
1x 6 14 35 43 44 46
1x 6 14 28 32 43 47
1x 6 14 28 32 34 40
1x 6 14 28 31 39 46
1x 6 14 24 37 45 48
1x 6 14 23 36 45 46
1x 6 14 22 30 36 40
1x 6 14 21 24 25 41
1x 6 14 20 27 28 48
1x 6 14 18 33 39 44
1x 6 14 17 25 34 49
1x 6 14 16 25 43 49
1x 6 13 28 29 42 43
1x 6 13 28 29 32 48
1x 6 13 23 35 37 39
1x 6 13 22 38 41 45
1x 6 13 22 24 37 42
1x 6 13 19 34 45 48
1x 6 13 18 34 42 49
1x 6 13 18 26 35 36
1x 6 13 18 22 44 45
1x 6 13 18 19 20 21
1x 6 13 17 33 41 46
1x 6 13 17 19 33 44
1x 6 13 16 19 39 45
1x 6 13 14 27 41 48
1x 6 12 32 39 43 46
1x 6 12 30 34 39 43
1x 6 12 26 27 37 38
1x 6 12 26 27 32 36
1x 6 12 25 31 41 46
1x 6 12 24 31 43 48
1x 6 12 23 28 33 48
1x 6 12 22 31 48 49
1x 6 12 22 31 37 42
1x 6 12 21 36 45 47
1x 6 12 21 33 42 43
1x 6 12 20 38 44 49
1x 6 12 19 23 33 46
1x 6 12 19 22 31 40
1x 6 12 18 25 27 35
1x 6 12 17 18 30 32
1x 6 12 16 36 37 48
1x 6 12 16 20 39 41
1x 6 12 16 18 34 44
1x 6 12 16 18 29 49
1x 6 12 15 33 37 42
1x 6 12 15 30 31 49
1x 6 12 15 23 27 47
1x 6 12 15 16 28 48
1x 6 12 14 20 34 46
1x 6 12 14 16 27 43
1x 6 12 13 32 37 39
1x 6 12 13 28 32 33
1x 6 11 35 36 38 44
1x 6 11 31 34 42 43
1x 6 11 28 34 38 46
1x 6 11 27 35 38 46
1x 6 11 25 32 37 42
1x 6 11 25 32 35 43
1x 6 11 24 31 32 45
1x 6 11 24 27 31 45
1x 6 11 24 26 29 36
1x 6 11 23 34 44 48
1x 6 11 23 24 31 35
1x 6 11 18 19 35 43
1x 6 11 18 19 24 39
1x 6 11 16 39 41 49
1x 6 11 16 21 43 46
1x 6 11 14 27 32 38
1x 6 11 14 25 28 35
1x 6 11 14 15 25 46
1x 6 11 13 31 34 43
1x 6 11 13 15 25 33
1x 6 11 12 17 42 47
1x 6 11 12 16 17 27
1x 6 10 31 44 46 48
1x 6 10 30 35 38 48
1x 6 10 29 30 43 49
1x 6 10 24 31 47 49
1x 6 10 23 33 36 40
1x 6 10 23 25 45 49
1x 6 10 22 24 25 32
1x 6 10 20 23 29 45
1x 6 10 20 22 34 39
1x 6 10 19 30 43 47
1x 6 10 18 37 45 47
1x 6 10 18 28 33 38
1x 6 10 18 27 41 48
1x 6 10 17 29 35 47
1x 6 10 15 21 36 44
1x 6 10 15 20 27 37
1x 6 10 15 18 30 48
1x 6 10 15 18 20 29
1x 6 10 15 17 25 41
1x 6 10 14 21 40 46
1x 6 10 14 16 23 28
1x 6 10 12 28 29 40
1x 6 10 12 16 17 31
1x 6 10 12 15 32 44
1x 6 10 11 21 42 48
1x 6 10 11 12 19 43
1x 5 9 34 38 39 42
1x 5 9 33 35 42 48
1x 5 9 22 33 39 46
1x 5 9 21 22 34 47
1x 5 9 20 22 36 49
1x 5 9 19 36 39 42
1x 5 9 18 24 25 38
1x 5 9 17 38 43 47
1x 5 9 17 23 36 47
1x 5 9 16 38 40 41
1x 5 9 16 18 27 29
1x 5 9 14 28 38 49
1x 5 9 14 28 31 33
1x 5 9 14 18 32 38
1x 5 9 12 26 38 46
1x 5 9 12 23 32 46
1x 5 9 12 19 21 28
1x 5 9 11 18 19 48
1x 5 9 11 13 30 39
1x 5 9 10 38 40 49
1x 5 9 10 25 26 45
1x 5 9 10 20 37 46
1x 5 9 10 15 16 31
1x 5 8 9 12 16 45
1x 5 8 9 10 24 38
1x 5 8 29 34 45 49
1x 5 8 29 32 39 47
1x 5 8 26 44 45 49
1x 5 8 26 33 35 46
1x 5 8 25 31 37 39
1x 5 8 22 25 31 49
1x 5 8 21 35 38 40
1x 5 8 20 30 33 49
1x 5 8 19 27 28 40
1x 5 8 19 23 35 48
1x 5 8 18 37 43 49
1x 5 8 17 23 40 47
1x 5 8 16 26 43 47
1x 5 8 16 23 35 46
1x 5 8 16 18 21 47
1x 5 8 15 40 44 49
1x 5 8 15 22 35 48
1x 5 8 14 28 31 48
1x 5 8 14 23 29 38
1x 5 8 13 23 29 49
1x 5 8 12 15 21 48
1x 5 8 11 32 45 46
1x 5 8 11 19 28 34
1x 5 8 10 18 38 48
1x 5 8 10 11 18 31
1x 5 7 9 21 30 46
1x 5 7 9 21 27 36
1x 5 7 9 16 26 43
1x 5 7 9 16 17 47
1x 5 7 8 26 31 40
1x 5 7 8 21 42 46
1x 5 7 8 21 23 40
1x 5 7 8 14 23 33
1x 5 7 8 11 20 24
1x 5 7 8 10 38 40
1x 5 7 30 31 35 46
1x 5 7 29 40 46 47
1x 5 7 28 33 39 42
1x 5 7 26 35 39 45
1x 5 7 26 33 40 42
1x 5 7 22 38 41 49
1x 5 7 21 31 42 48
1x 5 7 21 25 29 36
1x 5 7 20 40 45 48
1x 5 7 20 31 35 46
1x 5 7 19 22 42 48
1x 5 7 18 26 27 44
1x 5 7 18 22 38 41
1x 5 7 18 21 22 43
1x 5 7 17 30 34 44
1x 5 7 17 30 32 34
1x 5 7 17 23 24 46
1x 5 7 16 27 31 43
1x 5 7 16 18 22 45
1x 5 7 15 24 32 36
1x 5 7 15 23 24 32
1x 5 7 13 23 28 38
1x 5 7 13 20 22 44
1x 5 7 12 27 41 44
1x 5 7 12 25 34 49
1x 5 7 12 17 29 45
1x 5 7 11 21 22 48
1x 5 7 10 39 43 46
1x 5 7 10 13 16 18
1x 5 6 9 35 36 47
1x 5 6 9 33 41 44
1x 5 6 9 21 22 31
1x 5 6 9 16 29 36
1x 5 6 9 14 25 46
1x 5 6 8 29 34 35
1x 5 6 7 10 22 38
1x 5 6 7 10 15 23
1x 5 6 31 39 44 49
1x 5 6 29 30 32 45
1x 5 6 25 29 37 43
1x 5 6 25 29 30 44
1x 5 6 20 27 36 45
1x 5 6 18 29 31 48
1x 5 6 18 27 41 48
1x 5 6 18 27 29 32
1x 5 6 18 22 38 43
1x 5 6 18 20 22 45
1x 5 6 18 19 26 44
1x 5 6 17 31 34 39
1x 5 6 17 23 27 47
1x 5 6 17 19 27 38
1x 5 6 16 25 28 33
1x 5 6 16 20 28 41
1x 5 6 15 19 30 33
1x 5 6 14 33 34 40
1x 5 6 14 25 43 49
1x 5 6 12 15 32 33
1x 5 6 11 14 22 26
1x 5 6 11 14 16 26
1x 5 33 40 41 44 48
1x 5 33 37 38 40 49
1x 5 33 35 36 38 43
1x 5 32 36 39 40 45
1x 5 27 41 42 43 46
1x 5 27 34 35 37 49
1x 5 27 30 42 46 47
1x 5 27 28 41 44 47
1x 5 26 27 28 29 37
1x 5 25 33 41 44 49
1x 5 25 31 44 46 47
1x 5 25 30 36 38 49
1x 5 25 30 31 38 41
1x 5 25 28 30 40 41
1x 5 24 36 38 40 47
1x 5 24 29 32 37 44
1x 5 24 28 30 44 49
1x 5 22 29 30 33 49
1x 5 22 27 31 32 49
1x 5 22 27 30 40 44
1x 5 22 24 33 38 42
1x 5 22 23 34 41 42
1x 5 21 29 38 43 47
1x 5 21 28 32 43 46
1x 5 21 26 30 35 47
1x 5 21 26 30 31 45
1x 5 21 25 35 36 48
1x 5 21 22 28 38 44
1x 5 20 37 41 48 49
1x 5 20 30 33 37 43
1x 5 20 28 39 43 45
1x 5 20 25 39 48 49
1x 5 20 25 33 41 43
1x 5 20 25 26 27 41
1x 5 20 24 41 46 49
1x 5 20 23 30 41 48
1x 5 20 22 27 39 43
1x 5 20 22 26 29 47
1x 5 20 21 26 31 47
1x 5 19 26 34 43 49
1x 5 19 25 38 41 46
1x 5 19 24 27 28 38
1x 5 19 23 34 40 41
1x 5 19 22 23 35 38
1x 5 19 21 31 43 48
1x 5 19 21 23 41 46
1x 5 18 29 44 47 49
1x 5 18 26 31 43 44
1x 5 18 25 32 40 45
1x 5 18 25 32 33 38
1x 5 18 23 30 42 49
1x 5 18 23 29 33 48
1x 5 18 23 24 30 33
1x 5 18 22 24 39 48
1x 5 18 21 27 34 36
1x 5 18 21 26 41 42
1x 5 18 20 35 41 48
1x 5 18 20 29 34 43
1x 5 18 19 28 45 46
1x 5 17 30 35 45 49
1x 5 17 29 39 47 49
1x 5 17 28 29 38 39
1x 5 17 23 33 34 38
1x 5 17 20 21 24 40
1x 5 17 19 21 32 47
1x 5 17 19 21 23 28
1x 5 17 19 20 43 47
1x 5 17 18 24 26 41
1x 5 17 18 22 28 47
1x 5 16 32 38 41 42
1x 5 16 28 32 34 40
1x 5 16 24 26 35 48
1x 5 16 23 36 37 39
1x 5 16 22 41 44 45
1x 5 16 21 33 35 40
1x 5 16 20 33 41 48
1x 5 16 17 24 30 42
1x 5 16 17 20 24 35
1x 5 15 38 41 42 49
1x 5 15 33 43 48 49
1x 5 15 26 28 31 37
1x 5 15 24 29 40 46
1x 5 15 22 36 37 43
1x 5 15 21 32 34 35
1x 5 15 21 27 29 48
1x 5 15 21 22 36 39
1x 5 15 18 22 26 30
1x 5 15 17 27 28 29
1x 5 15 17 24 38 49
1x 5 15 17 24 26 43
1x 5 15 17 23 26 37
1x 5 15 16 37 41 48
1x 5 15 16 19 20 43
1x 5 14 24 34 46 48
1x 5 14 23 32 41 48
1x 5 14 23 29 32 33
1x 5 14 22 25 29 38
1x 5 14 22 23 37 47
1x 5 14 20 32 43 45
1x 5 14 20 26 30 41
1x 5 14 18 21 36 41
1x 5 14 17 33 37 43
1x 5 14 15 20 28 45
1x 5 13 27 28 32 33
1x 5 13 26 31 33 38
1x 5 13 24 28 38 47
1x 5 13 23 33 40 41
1x 5 13 22 30 47 48
1x 5 13 21 25 35 44
1x 5 13 21 25 32 49
1x 5 13 20 42 43 44
1x 5 13 20 25 38 40
1x 5 13 18 35 37 42
1x 5 13 18 29 32 35
1x 5 13 17 36 44 48
1x 5 13 17 19 31 41
1x 5 13 16 33 34 44
1x 5 13 15 36 44 49
1x 5 13 14 22 29 32
1x 5 12 37 39 41 46
1x 5 12 23 29 34 41
1x 5 12 22 35 38 42
1x 5 12 22 23 36 49
1x 5 12 22 23 33 37
1x 5 12 21 32 34 40
1x 5 12 19 28 29 37
1x 5 12 18 33 37 47
1x 5 12 18 26 39 42
1x 5 12 18 25 40 48
1x 5 12 18 24 33 39
1x 5 12 15 16 35 46
1x 5 12 14 38 44 48
1x 5 11 37 38 42 44
1x 5 11 29 32 43 48
1x 5 11 26 29 30 44
1x 5 11 22 40 47 48
1x 5 11 19 23 25 26
1x 5 11 17 31 32 40
1x 5 11 17 20 39 48
1x 5 11 17 18 37 40
1x 5 11 16 34 40 42
1x 5 11 16 28 32 40
1x 5 11 16 18 19 35
1x 5 11 15 34 44 48
1x 5 11 15 20 36 48
1x 5 11 15 18 28 41
1x 5 11 14 26 28 29
1x 5 11 14 20 39 40
1x 5 11 13 39 42 49
1x 5 11 13 29 35 49
1x 5 11 13 29 35 47
1x 5 11 13 21 28 49
1x 5 11 13 15 16 29
1x 5 11 12 15 25 48
1x 5 11 12 13 32 40
1x 5 11 12 13 20 41
1x 5 10 30 38 45 47
1x 5 10 23 29 39 47
1x 5 10 19 31 35 43
1x 5 10 18 27 32 39
1x 5 10 18 23 35 44
1x 5 10 18 21 29 34
1x 5 10 17 24 35 37
1x 5 10 15 26 33 49
1x 5 10 15 23 29 33
1x 5 10 13 28 32 43
1x 5 10 13 16 22 31
1x 5 10 12 26 33 47
1x 5 10 12 14 46 47
1x 5 10 11 35 38 39
1x 5 10 11 35 36 41
1x 5 10 11 27 39 48
1x 5 10 11 22 27 37
1x 5 10 11 20 36 49
1x 5 10 11 12 17 41
1x 4 9 36 38 42 48
1x 4 9 24 29 30 41
1x 4 9 23 24 28 34
1x 4 9 20 23 24 41
1x 4 9 20 21 25 35
1x 4 9 18 28 33 49
1x 4 9 17 42 44 45
1x 4 9 17 20 25 35
1x 4 9 16 34 38 40
1x 4 9 16 29 39 49
1x 4 9 16 25 33 42
1x 4 9 16 23 32 41
1x 4 9 16 22 31 34
1x 4 9 15 22 38 45
1x 4 9 15 19 30 33
1x 4 9 15 19 26 48
1x 4 9 14 41 45 47
1x 4 9 14 38 41 45
1x 4 9 14 31 32 48
1x 4 9 13 35 40 44
1x 4 9 11 34 36 45
1x 4 9 11 26 31 47
1x 4 9 11 24 29 31
1x 4 9 10 25 27 32
1x 4 9 10 19 30 43
1x 4 8 9 23 37 42
1x 4 8 9 16 22 25
1x 4 8 37 38 43 44
1x 4 8 33 40 41 43
1x 4 8 31 34 38 49
1x 4 8 30 33 45 48
1x 4 8 28 31 48 49
1x 4 8 28 30 40 44
1x 4 8 26 29 32 43
1x 4 8 23 31 45 48
1x 4 8 22 24 26 38
1x 4 8 21 25 33 41
1x 4 8 18 33 47 49
1x 4 8 17 38 40 47
1x 4 8 17 31 37 48
1x 4 8 17 21 25 29
1x 4 8 17 18 23 42
1x 4 8 15 17 44 48
1x 4 8 15 16 18 26
1x 4 8 14 30 32 43
1x 4 8 14 24 44 47
1x 4 8 14 24 37 39
1x 4 8 13 20 21 36
1x 4 8 12 32 40 41
1x 4 8 12 16 27 44
1x 4 8 11 17 38 39
1x 4 8 10 25 36 39
1x 4 8 10 16 37 43
1x 4 8 10 12 19 25
1x 4 8 10 12 15 35
1x 4 7 9 34 40 44
1x 4 7 9 21 29 34
1x 4 7 9 16 26 29
1x 4 7 9 14 22 38
1x 4 7 9 11 42 48
1x 4 7 8 19 29 41
1x 4 7 8 11 39 42
1x 4 7 34 36 46 48
1x 4 7 25 39 40 49
1x 4 7 22 26 41 46
1x 4 7 22 23 28 33
1x 4 7 21 22 23 44
1x 4 7 20 30 32 43
1x 4 7 20 24 37 47
1x 4 7 18 24 37 44
1x 4 7 17 35 36 42
1x 4 7 16 23 26 29
1x 4 7 16 18 28 48
1x 4 7 14 25 30 38
1x 4 7 13 21 37 49
1x 4 7 12 27 31 38
1x 4 7 12 17 35 36
1x 4 7 12 14 19 36
1x 4 7 11 32 46 49
1x 4 7 10 21 30 40
1x 4 7 10 12 24 33
1x 4 7 10 12 19 42
1x 4 6 9 14 27 31
1x 4 6 8 9 29 43
1x 4 6 8 14 41 42
1x 4 6 8 10 15 31
1x 4 6 7 28 34 43
1x 4 6 7 23 27 41
1x 4 6 45 46 48 49
1x 4 6 38 42 46 48
1x 4 6 28 31 37 46
1x 4 6 27 36 37 40
1x 4 6 26 30 33 45
1x 4 6 25 26 41 49
1x 4 6 23 29 38 41
1x 4 6 22 31 39 47
1x 4 6 22 31 35 40
1x 4 6 21 25 35 39
1x 4 6 20 29 31 37
1x 4 6 20 28 42 48
1x 4 6 20 25 32 42
1x 4 6 18 39 41 49
1x 4 6 18 28 29 45
1x 4 6 17 22 34 42
1x 4 6 17 19 41 47
1x 4 6 16 29 33 40
1x 4 6 16 20 23 30
1x 4 6 15 38 47 49
1x 4 6 15 25 35 49
1x 4 6 12 18 24 30
1x 4 6 11 22 30 42
1x 4 6 11 19 20 49
1x 4 6 11 17 20 48
1x 4 6 11 17 19 42
1x 4 6 11 14 15 38
1x 4 6 10 33 34 45
1x 4 6 10 22 30 43
1x 4 6 10 20 26 37
1x 4 5 9 43 47 49
1x 4 5 9 32 37 45
1x 4 5 9 16 18 43
1x 4 5 8 34 35 42
1x 4 5 8 24 33 43
1x 4 5 8 15 36 39
1x 4 5 7 9 48 49
1x 4 5 7 20 32 37
1x 4 5 7 20 29 44
1x 4 5 6 18 21 40
1x 4 5 6 10 11 28
1x 4 5 38 40 43 44
1x 4 5 37 39 40 45
1x 4 5 31 36 40 43
1x 4 5 31 32 33 48
1x 4 5 30 39 40 48
1x 4 5 27 40 42 48
1x 4 5 25 26 28 39
1x 4 5 24 30 32 39
1x 4 5 24 27 42 47
1x 4 5 23 32 39 44
1x 4 5 21 25 28 47
1x 4 5 20 42 47 49
1x 4 5 20 27 33 45
1x 4 5 20 23 31 43
1x 4 5 19 22 32 42
1x 4 5 19 20 22 39
1x 4 5 18 20 22 41
1x 4 5 17 25 27 35
1x 4 5 16 18 24 44
1x 4 5 15 32 39 46
1x 4 5 15 32 37 42
1x 4 5 15 22 25 39
1x 4 5 12 17 28 45
1x 4 5 10 22 25 26
1x 4 5 10 11 21 34
1x 4 36 13 19 15 39
1x 4 35 36 38 43 46
1x 4 34 38 39 46 48
1x 4 32 42 43 45 46
1x 4 31 32 34 39 43
1x 4 31 32 33 36 39
1x 4 29 31 36 37 49
1x 4 29 30 40 41 49
1x 4 29 30 33 36 39
1x 4 27 33 36 40 41
1x 4 27 29 37 40 48
1x 4 27 29 34 41 46
1x 4 27 29 31 39 41
1x 4 26 27 40 44 46
1x 4 26 27 32 40 48
1x 4 25 27 33 40 44
1x 4 25 27 30 31 40
1x 4 24 37 39 44 46
1x 4 24 37 39 43 47
1x 4 24 33 34 38 39
1x 4 24 32 36 42 45
1x 4 24 29 32 34 43
1x 4 24 29 30 35 37
1x 4 24 26 31 38 40
1x 4 23 32 36 42 49
1x 4 23 29 31 37 43
1x 4 23 27 28 29 38
1x 4 23 25 29 36 45
1x 4 23 24 26 31 47
1x 4 22 37 38 46 48
1x 4 22 31 32 36 42
1x 4 22 27 36 38 46
1x 4 22 24 33 40 48
1x 4 21 34 36 37 41
1x 4 21 28 30 36 39
1x 4 21 26 31 42 45
1x 4 21 23 29 47 48
1x 4 21 22 34 43 48
1x 4 21 22 24 29 48
1x 4 20 28 35 40 44
1x 4 20 28 30 47 49
1x 4 20 26 36 43 49
1x 4 20 26 33 39 40
1x 4 20 26 29 32 48
1x 4 20 24 27 36 39
1x 4 19 28 43 44 46
1x 4 19 26 30 46 47
1x 4 19 23 31 48 49
1x 4 19 22 33 36 38
1x 4 19 21 33 43 45
1x 4 19 21 32 36 42
1x 4 19 20 27 32 40
1x 4 18 34 36 40 47
1x 4 18 33 44 46 48
1x 4 18 32 44 46 49
1x 4 18 29 33 42 44
1x 4 18 28 34 40 49
1x 4 18 25 29 34 36
1x 4 18 23 26 43 44
1x 4 18 23 24 32 45
1x 4 18 22 26 38 49
1x 4 18 22 23 27 37
1x 4 18 21 29 36 43
1x 4 18 21 27 38 46
1x 4 18 21 25 26 31
1x 4 18 21 22 32 43
1x 4 18 19 22 25 49
1x 4 17 32 35 41 48
1x 4 17 31 35 36 40
1x 4 17 29 37 42 47
1x 4 17 29 32 33 34
1x 4 17 27 28 34 39
1x 4 17 25 40 47 48
1x 4 17 25 33 40 42
1x 4 17 25 32 37 45
1x 4 17 23 24 35 37
1x 4 17 22 28 29 40
1x 4 17 22 25 32 36
1x 4 17 21 23 34 49
1x 4 17 19 29 34 46
1x 4 16 22 33 35 40
1x 4 16 22 28 30 36
1x 4 16 21 39 40 42
1x 4 16 21 22 36 46
1x 4 16 20 26 32 38
1x 4 16 20 22 28 46
1x 4 16 19 21 24 44
1x 4 16 17 28 38 42
1x 4 16 17 26 30 36
1x 4 16 17 20 36 49
1x 4 16 17 18 19 42
1x 4 15 42 43 46 48
1x 4 15 32 35 37 41
1x 4 15 24 31 38 49
1x 4 15 23 38 43 47
1x 4 15 21 29 41 44
1x 4 15 21 24 37 43
1x 4 15 20 30 41 47
1x 4 15 20 24 27 40
1x 4 15 17 20 46 47
1x 4 15 16 17 19 20
1x 4 14 26 34 38 49
1x 4 14 26 34 35 47
1x 4 14 26 32 41 45
1x 4 14 23 29 33 36
1x 4 14 21 32 43 49
1x 4 14 20 29 36 44
1x 4 14 18 25 31 38
1x 4 14 17 32 36 44
1x 4 14 17 18 33 34
1x 4 14 16 38 42 46
1x 4 14 16 21 27 43
1x 4 14 15 33 35 38
1x 4 14 15 25 30 32
1x 4 14 15 18 29 44
1x 4 14 15 17 20 35
1x 4 13 27 29 30 47
1x 4 13 23 30 36 44
1x 4 13 22 23 29 44
1x 4 13 21 25 26 31
1x 4 13 19 33 43 46
1x 4 13 17 24 35 37
1x 4 13 17 23 36 49
1x 4 12 32 38 42 46
1x 4 12 31 34 47 48
1x 4 12 30 32 34 39
1x 4 12 27 30 37 44
1x 4 12 25 29 44 45
1x 4 12 25 28 33 49
1x 4 12 24 28 33 36
1x 4 12 24 25 26 45
1x 4 12 21 24 29 39
1x 4 12 21 22 24 31
1x 4 12 19 27 41 45
1x 4 12 18 31 42 44
1x 4 12 18 21 38 42
1x 4 12 18 21 31 32
1x 4 12 17 41 42 47
1x 4 12 16 26 34 40
1x 4 12 16 19 20 43
1x 4 12 14 30 32 44
1x 4 12 14 19 24 48
1x 4 12 14 17 38 45
1x 4 12 13 38 43 47
1x 4 11 33 37 43 44
1x 4 11 23 31 33 45
1x 4 11 20 32 33 48
1x 4 11 20 24 33 48
1x 4 11 20 21 30 46
1x 4 11 19 38 41 48
1x 4 11 19 29 38 39
1x 4 11 19 28 46 48
1x 4 11 18 20 30 49
1x 4 11 17 42 43 45
1x 4 11 16 27 28 41
1x 4 11 16 19 29 36
1x 4 11 15 26 33 40
1x 4 11 13 15 46 47
1x 4 11 12 35 39 44
1x 4 11 12 26 41 45
1x 4 11 12 16 25 43
1x 4 11 12 16 21 43
1x 4 11 12 13 32 48
1x 4 10 32 33 36 41
1x 4 10 29 44 46 49
1x 4 10 23 27 28 39
1x 4 10 23 24 25 30
1x 4 10 21 31 35 37
1x 4 10 20 42 43 48
1x 4 10 20 26 28 43
1x 4 10 19 25 33 43
1x 4 10 18 20 25 43
1x 4 10 17 34 39 42
1x 4 10 17 31 36 44
1x 4 10 17 28 29 35
1x 4 10 15 18 21 31
1x 4 10 14 37 43 48
1x 4 10 14 36 45 49
1x 4 10 14 24 38 40
1x 4 10 14 16 35 46
1x 4 10 13 30 33 42
1x 4 10 13 19 29 30
1x 4 10 12 32 37 41
1x 4 10 11 26 31 47
1x 4 10 11 15 20 25
1x 34 37 41 44 45 49
1x 34 36 38 41 43 45
1x 34 35 39 47 48 49
1x 32 39 42 44 48 49
1x 32 34 44 45 48 49
1x 32 34 39 41 42 44
1x 32 34 38 39 47 49
1x 31 34 37 41 44 48
1x 30 31 37 38 45 48
1x 30 31 32 33 37 43
1x 3 9 33 36 37 38
1x 3 9 31 43 46 49
1x 3 9 28 32 36 37
1x 3 9 28 32 33 41
1x 3 9 25 37 39 47
1x 3 9 25 29 30 38
1x 3 9 24 35 39 44
1x 3 9 24 31 32 34
1x 3 9 24 28 31 38
1x 3 9 23 24 33 38
1x 3 9 22 23 40 41
1x 3 9 20 38 39 45
1x 3 9 20 34 35 38
1x 3 9 18 41 47 49
1x 3 9 17 37 45 47
1x 3 9 17 31 36 39
1x 3 9 15 36 40 43
1x 3 9 15 20 21 36
1x 3 9 15 18 21 33
1x 3 9 14 28 43 45
1x 3 9 12 36 46 48
1x 3 9 12 35 44 48
1x 3 9 12 29 35 49
1x 3 9 11 26 36 40
1x 3 9 10 24 41 47
1x 3 9 10 24 31 48
1x 3 9 10 22 41 42
1x 3 9 10 18 37 39
1x 3 9 10 18 19 24
1x 3 9 10 11 23 33
1x 3 8 9 34 35 39
1x 3 8 9 18 26 29
1x 3 8 9 13 34 38
1x 3 8 9 13 22 49
1x 3 8 9 13 15 39
1x 3 8 9 11 31 44
1x 3 8 34 39 41 47
1x 3 8 23 29 32 34
1x 3 8 22 25 35 49
1x 3 8 21 26 33 42
1x 3 8 19 32 40 43
1x 3 8 17 19 43 48
1x 3 8 16 18 31 43
1x 3 8 15 22 23 27
1x 3 8 14 40 41 48
1x 3 8 14 37 41 42
1x 3 8 14 25 33 43
1x 3 8 13 30 34 49
1x 3 8 13 23 35 38
1x 3 8 11 37 40 42
1x 3 8 11 25 30 46
1x 3 8 11 21 26 45
1x 3 8 11 17 20 49
1x 3 8 11 14 18 26
1x 3 8 10 20 26 44
1x 3 8 10 15 17 30
1x 3 7 9 33 35 42
1x 3 7 9 14 22 35
1x 3 7 8 38 43 45
1x 3 7 8 15 20 41
1x 3 7 31 32 40 41
1x 3 7 29 32 37 45
1x 3 7 28 30 33 37
1x 3 7 27 31 32 43
1x 3 7 23 34 35 48
1x 3 7 23 33 42 43
1x 3 7 23 29 35 37
1x 3 7 23 25 37 44
1x 3 7 21 24 30 39
1x 3 7 20 26 29 42
1x 3 7 19 39 41 46
1x 3 7 19 24 30 36
1x 3 7 19 20 29 47
1x 3 7 18 39 44 47
1x 3 7 18 26 38 43
1x 3 7 16 24 28 46
1x 3 7 15 39 43 47
1x 3 7 14 33 35 38
1x 3 7 14 19 23 35
1x 3 7 14 16 43 45
1x 3 7 13 14 24 44
1x 3 7 12 33 44 49
1x 3 7 12 27 42 46
1x 3 7 12 22 25 31
1x 3 7 11 26 42 43
1x 3 7 11 18 36 48
1x 3 7 11 12 17 39
1x 3 6 9 33 44 48
1x 3 6 9 26 30 46
1x 3 6 9 18 27 48
1x 3 6 8 32 33 40
1x 3 6 8 29 37 38
1x 3 6 7 9 10 32
1x 3 6 7 18 37 39
1x 3 6 7 16 26 48
1x 3 6 7 13 17 33
1x 3 6 7 12 33 47
1x 3 6 7 10 25 28
1x 3 6 36 37 38 49
1x 3 6 33 37 42 43
1x 3 6 30 31 32 43
1x 3 6 29 35 38 47
1x 3 6 29 31 41 45
1x 3 6 26 38 39 47
1x 3 6 26 34 37 47
1x 3 6 23 40 41 43
1x 3 6 20 27 30 35
1x 3 6 20 23 26 37
1x 3 6 19 33 38 43
1x 3 6 19 25 35 48
1x 3 6 17 23 33 35
1x 3 6 17 22 24 28
1x 3 6 16 23 38 45
1x 3 6 14 29 34 42
1x 3 6 14 29 31 49
1x 3 6 14 25 40 41
1x 3 6 14 19 22 32
1x 3 6 13 18 38 39
1x 3 6 13 17 22 38
1x 3 6 12 26 33 45
1x 3 6 12 25 33 49
1x 3 6 12 25 26 45
1x 3 6 12 22 25 41
1x 3 6 12 13 30 36
1x 3 6 11 34 36 41
1x 3 6 11 27 36 42
1x 3 6 11 24 32 40
1x 3 6 11 21 43 44
1x 3 5 9 30 38 42
1x 3 5 9 27 35 37
1x 3 5 9 27 34 48
1x 3 5 9 16 34 41
1x 3 5 8 23 43 48
1x 3 5 8 23 34 42
1x 3 5 7 24 26 42
1x 3 5 7 21 31 43
1x 3 5 7 16 34 48
1x 3 5 6 32 38 39
1x 3 5 6 18 24 42
1x 3 5 6 10 30 45
1x 3 5 33 37 45 47
1x 3 5 29 37 42 49
1x 3 5 25 43 47 49
1x 3 5 25 38 39 40
1x 3 5 25 34 44 46
1x 3 5 25 31 37 41
1x 3 5 24 35 42 46
1x 3 5 24 26 32 48
1x 3 5 22 27 34 35
1x 3 5 22 25 27 49
1x 3 5 21 31 42 47
1x 3 5 20 33 37 47
1x 3 5 20 24 36 49
1x 3 5 18 25 46 48
1x 3 5 17 37 47 49
1x 3 5 17 18 34 47
1x 3 5 15 30 38 44
1x 3 5 15 28 42 43
1x 3 5 15 22 24 37
1x 3 5 14 36 39 43
1x 3 5 12 25 32 48
1x 3 5 11 27 32 36
1x 3 5 11 13 33 42
1x 3 5 11 13 21 27
1x 3 5 10 13 38 41
1x 3 5 10 13 24 44
1x 3 4 9 19 24 40
1x 3 4 8 12 22 28
1x 3 4 8 12 16 47
1x 3 4 8 10 17 34
1x 3 4 7 25 36 38
1x 3 4 7 12 30 42
1x 3 4 7 12 27 33
1x 3 4 7 10 17 22
1x 3 4 6 18 46 47
1x 3 4 6 16 23 46
1x 3 4 6 12 21 43
1x 3 4 5 8 32 49
1x 3 4 5 14 34 49
1x 3 4 5 13 18 22
1x 3 4 41 44 47 49
1x 3 4 32 39 40 43
1x 3 4 29 35 38 49
1x 3 4 29 30 44 49
1x 3 4 25 46 47 48
1x 3 4 23 30 43 44
1x 3 4 21 34 42 43
1x 3 4 20 28 37 42
1x 3 4 20 25 33 42
1x 3 4 19 34 43 49
1x 3 4 19 21 29 41
1x 3 4 17 19 35 49
1x 3 4 16 20 24 39
1x 3 4 16 17 30 38
1x 3 4 15 25 28 49
1x 3 4 15 24 27 28
1x 3 4 15 19 32 41
1x 3 4 14 29 32 37
1x 3 4 14 18 24 40
1x 3 4 13 34 43 47
1x 3 4 13 33 43 48
1x 3 4 12 26 30 32
1x 3 4 12 16 19 31
1x 3 4 12 13 20 24
1x 3 4 11 39 40 46
1x 3 4 11 16 22 32
1x 3 4 10 34 40 47
1x 3 4 10 16 31 46
1x 3 4 10 12 23 33
1x 3 4 10 11 45 47
1x 3 29 35 38 43 49
1x 3 28 36 39 40 48
1x 3 28 29 33 35 40
1x 3 27 30 38 44 46
1x 3 27 29 41 45 49
1x 3 26 32 43 45 47
1x 3 26 29 32 38 46
1x 3 25 33 38 42 43
1x 3 25 27 33 42 49
1x 3 24 37 38 47 49
1x 3 24 33 35 44 49
1x 3 24 28 40 41 45
1x 3 23 31 39 41 48
1x 3 23 31 32 37 41
1x 3 23 28 30 41 45
1x 3 23 27 32 36 48
1x 3 23 26 40 42 46
1x 3 23 25 40 44 48
1x 3 23 25 29 35 36
1x 3 23 24 28 37 49
1x 3 23 24 27 34 40
1x 3 22 30 36 38 43
1x 3 22 25 29 45 47
1x 3 21 37 42 46 47
1x 3 21 32 39 42 48
1x 3 21 28 39 45 47
1x 3 21 26 31 40 46
1x 3 21 24 28 29 36
1x 3 21 24 25 32 34
1x 3 21 23 25 27 47
1x 3 21 22 23 31 46
1x 3 20 42 43 47 48
1x 3 20 22 35 47 49
1x 3 20 21 38 39 43
1x 3 20 21 24 35 42
1x 3 19 33 38 44 47
1x 3 19 28 29 36 41
1x 3 19 26 36 43 45
1x 3 19 26 30 39 40
1x 3 19 24 38 41 44
1x 3 19 24 25 37 40
1x 3 19 22 25 29 45
1x 3 19 20 28 38 43
1x 3 19 20 27 33 47
1x 3 18 34 37 42 45
1x 3 18 28 29 38 48
1x 3 18 27 38 44 49
1x 3 18 27 31 36 47
1x 3 18 27 29 32 36
1x 3 18 26 28 31 33
1x 3 18 24 29 36 46
1x 3 18 23 24 40 43
1x 3 18 22 27 34 39
1x 3 18 21 36 41 44
1x 3 18 20 31 43 49
1x 3 18 20 21 30 40
1x 3 18 19 29 42 49
1x 3 18 19 27 41 47
1x 3 17 39 41 42 48
1x 3 17 36 39 44 48
1x 3 17 23 25 29 44
1x 3 17 20 21 26 31
1x 3 17 19 31 33 49
1x 3 17 19 29 40 46
1x 3 17 19 21 26 31
1x 3 16 37 39 47 48
1x 3 16 27 44 46 48
1x 3 16 27 32 33 34
1x 3 16 26 35 42 46
1x 3 16 24 35 44 49
1x 3 16 22 27 32 42
1x 3 16 22 26 42 48
1x 3 16 21 32 34 39
1x 3 16 21 32 33 40
1x 3 16 21 29 33 44
1x 3 16 20 21 29 32
1x 3 16 19 25 27 34
1x 3 16 18 19 37 42
1x 3 16 17 26 40 43
1x 3 16 17 23 39 47
1x 3 16 17 18 27 49
1x 3 15 36 40 45 48
1x 3 15 28 33 38 43
1x 3 15 23 35 37 44
1x 3 15 22 30 36 48
1x 3 15 19 20 40 41
1x 3 14 37 38 45 47
1x 3 14 31 35 38 48
1x 3 14 28 32 40 49
1x 3 14 26 31 43 45
1x 3 14 24 32 35 44
1x 3 14 23 26 36 46
1x 3 14 19 24 27 31
1x 3 14 19 20 36 46
1x 3 14 18 29 31 41
1x 3 14 18 19 24 38
1x 3 14 15 28 33 46
1x 3 14 15 22 27 38
1x 3 14 15 19 24 42
1x 3 14 15 17 32 47
1x 3 13 33 37 42 47
1x 3 13 30 35 41 49
1x 3 13 27 30 33 41
1x 3 13 25 27 40 47
1x 3 13 24 26 32 37
1x 3 13 23 34 35 48
1x 3 13 23 33 38 49
1x 3 13 20 27 36 41
1x 3 13 19 24 27 44
1x 3 13 19 20 24 35
1x 3 13 18 35 40 43
1x 3 13 18 26 37 49
1x 3 13 18 25 26 38
1x 3 13 17 30 37 44
1x 3 13 17 21 32 33
1x 3 13 17 19 22 40
1x 3 13 15 19 20 21
1x 3 13 14 27 38 39
1x 3 13 14 15 21 31
1x 3 12 37 40 48 49
1x 3 12 35 36 44 48
1x 3 12 28 31 37 40
1x 3 12 26 31 42 49
1x 3 12 26 30 38 47
1x 3 12 24 37 38 46
1x 3 12 23 33 36 41
1x 3 12 22 30 45 49
1x 3 12 22 26 29 39
1x 3 12 19 32 38 49
1x 3 12 18 30 32 49
1x 3 12 18 24 37 42
1x 3 12 18 23 35 43
1x 3 12 16 36 38 39
1x 3 12 15 28 35 37
1x 3 12 15 26 34 36
1x 3 12 14 32 40 46
1x 3 12 14 30 32 34
1x 3 12 13 16 23 41
1x 3 11 32 34 36 43
1x 3 11 26 45 46 49
1x 3 11 26 27 34 47
1x 3 11 25 35 36 48
1x 3 11 24 45 46 49
1x 3 11 24 31 34 36
1x 3 11 22 36 43 44
1x 3 11 21 24 39 46
1x 3 11 18 29 33 46
1x 3 11 17 20 41 46
1x 3 11 16 36 38 41
1x 3 11 16 28 39 49
1x 3 11 16 25 29 36
1x 3 11 15 26 27 41
1x 3 11 15 21 29 37
1x 3 11 13 28 32 36
1x 3 11 13 25 30 37
1x 3 11 13 16 24 31
1x 3 10 37 38 43 49
1x 3 10 24 33 46 47
1x 3 10 24 26 38 49
1x 3 10 21 33 36 49
1x 3 10 20 33 40 47
1x 3 10 17 32 39 42
1x 3 10 17 25 44 46
1x 3 10 16 24 27 32
1x 3 10 16 17 26 30
1x 3 10 15 27 42 45
1x 3 10 15 18 21 46
1x 3 10 13 34 36 43
1x 3 10 13 28 38 45
1x 3 10 13 27 46 48
1x 3 10 13 23 27 35
1x 3 10 13 14 23 28
1x 3 10 12 21 28 32
1x 3 10 11 28 32 43
1x 3 10 11 24 25 41
1x 3 10 11 21 26 43
1x 29 36 41 42 44 49
1x 29 36 37 38 39 49
1x 29 35 37 39 42 44
1x 29 31 35 37 39 46
1x 28 34 36 43 46 48
1x 28 33 46 47 48 49
1x 28 31 43 44 45 49
1x 28 31 36 39 44 48
1x 28 31 34 37 42 46
1x 28 30 34 40 41 44
1x 28 30 31 34 41 48
1x 28 29 30 34 44 46
1x 27 36 37 41 47 49
1x 27 33 34 41 42 49
1x 27 32 43 45 46 48
1x 27 32 41 42 45 47
1x 27 30 31 36 38 47
1x 27 29 40 43 44 49
1x 27 29 34 38 41 44
1x 27 28 31 34 35 49
1x 27 28 30 39 44 47
1x 26 34 36 41 47 48
1x 26 33 43 45 47 48
1x 26 32 33 35 39 43
1x 26 29 37 39 42 48
1x 26 29 32 34 40 48
1x 26 29 31 35 36 41
1x 26 28 39 41 43 48
1x 26 28 31 42 43 44
1x 26 28 30 40 47 49
1x 26 28 30 38 40 41
1x 26 27 43 45 46 49
1x 26 27 33 38 40 46
1x 26 27 31 32 43 45
1x 26 27 28 35 39 43
1x 25 34 40 41 43 47
1x 25 33 39 41 48 49
1x 25 31 40 45 47 48
1x 25 30 37 40 43 45
1x 25 30 35 41 44 48
1x 25 29 34 43 45 48
1x 25 29 33 38 47 49
1x 25 28 41 43 46 47
1x 25 27 38 39 41 47
1x 25 27 32 36 40 43
1x 25 27 28 34 45 49
1x 25 26 30 32 39 46
1x 24 38 42 44 45 48
1x 24 33 36 44 45 49
1x 24 32 36 37 45 48
1x 24 32 33 35 37 40
1x 24 31 39 43 44 45
1x 24 31 32 40 44 48
1x 24 30 36 37 44 48
1x 24 30 33 34 36 45
1x 24 30 31 36 38 42
1x 24 29 36 42 46 49
1x 24 28 32 40 46 49
1x 24 27 30 33 35 47
1x 24 27 28 31 35 36
1x 24 26 27 43 45 46
1x 24 26 27 39 41 49
1x 24 26 27 31 38 45
1x 24 25 30 31 33 43
1x 24 25 29 31 34 47
1x 24 25 27 38 44 45
1x 24 25 27 35 38 49
1x 24 25 26 30 31 32
1x 23 31 36 38 40 49
1x 23 30 41 42 45 47
1x 23 28 29 34 38 46
1x 23 27 28 39 45 47
1x 23 26 30 34 44 48
1x 23 26 27 32 33 41
1x 23 25 32 41 42 46
1x 23 25 32 35 37 46
1x 23 25 29 31 35 46
1x 23 24 29 36 44 49
1x 23 24 25 31 36 39
1x 22 37 42 43 45 48
1x 22 35 37 39 43 49
1x 22 32 35 39 43 44
1x 22 31 32 33 35 38
1x 22 29 35 38 40 45
1x 22 28 30 34 38 46
1x 22 28 29 43 46 48
1x 22 27 36 37 39 47
1x 22 27 28 33 36 41
1x 22 26 39 45 47 49
1x 22 26 36 43 47 48
1x 22 26 34 42 43 46
1x 22 26 32 38 39 45
1x 22 26 28 33 44 46
1x 22 26 27 29 33 37
1x 22 24 29 33 37 47
1x 22 24 28 36 44 45
1x 22 24 26 31 40 49
1x 22 24 25 34 46 49
1x 22 23 33 43 47 49
1x 22 23 30 34 40 48
1x 22 23 25 32 35 36
1x 22 23 24 25 34 38
1x 21 40 41 44 48 49
1x 21 35 39 40 41 43
1x 21 34 40 43 47 48
1x 21 32 34 42 45 49
1x 21 31 32 34 38 46
1x 21 29 31 32 38 46
1x 21 27 34 45 48 49
1x 21 27 28 37 39 44
1x 21 26 32 34 42 43
1x 21 26 29 30 39 49
1x 21 25 39 41 42 43
1x 21 25 33 37 38 44
1x 21 25 28 32 44 45
1x 21 24 30 32 36 44
1x 21 24 28 35 44 45
1x 21 24 28 33 36 43
1x 21 23 29 33 43 44
1x 21 22 25 37 45 48
1x 20 36 38 43 44 47
1x 20 36 37 41 43 48
1x 20 34 37 38 39 45
1x 20 34 36 42 43 47
1x 20 33 36 38 39 43
1x 20 30 32 38 39 40
1x 20 29 35 42 46 48
1x 20 28 34 35 40 49
1x 20 28 31 36 44 45
1x 20 27 32 37 43 48
1x 20 27 30 40 46 48
1x 20 27 29 32 41 45
1x 20 26 30 31 35 36
1x 20 26 29 42 45 48
1x 20 26 27 37 40 45
1x 20 26 27 30 44 47
1x 20 25 26 31 33 40
1x 20 24 33 35 41 43
1x 20 24 27 34 43 47
1x 20 24 27 31 45 48
1x 20 24 27 28 38 40
1x 20 24 25 37 39 49
1x 20 23 37 38 45 46
1x 20 23 36 38 39 44
1x 20 23 28 35 36 42
1x 20 23 27 33 36 41
1x 20 23 24 27 36 38
1x 20 22 31 40 41 47
1x 20 22 30 31 37 41
1x 20 22 29 44 46 49
1x 20 22 25 35 40 46
1x 20 22 25 32 44 49
1x 20 22 25 27 40 42
1x 20 22 25 26 33 37
1x 20 21 34 39 42 49
1x 20 21 24 30 31 46
1x 20 21 24 27 28 43
1x 20 21 23 29 34 47
1x 2 9 22 25 33 44
1x 2 9 22 24 37 44
1x 2 9 21 23 40 41
1x 2 9 19 28 38 46
1x 2 9 18 36 44 49
1x 2 9 18 20 24 40
1x 2 9 17 21 27 45
1x 2 9 14 38 40 44
1x 2 9 14 18 21 26
1x 2 9 14 16 37 47
1x 2 9 14 16 37 44
1x 2 9 13 27 37 48
1x 2 9 13 26 40 46
1x 2 9 13 25 47 48
1x 2 9 12 28 30 38
1x 2 9 12 15 38 39
1x 2 9 11 29 32 35
1x 2 9 11 21 24 42
1x 2 9 11 17 34 45
1x 2 9 10 15 25 38
1x 2 9 10 13 24 39
1x 2 9 10 11 29 46
1x 2 9 10 11 24 35
1x 2 8 30 37 40 49
1x 2 8 29 31 32 43
1x 2 8 27 45 47 48
1x 2 8 27 31 35 42
1x 2 8 26 32 35 39
1x 2 8 25 34 41 49
1x 2 8 20 23 41 49
1x 2 8 19 20 23 37
1x 2 8 18 30 41 44
1x 2 8 17 36 38 40
1x 2 8 17 31 36 42
1x 2 8 17 24 28 37
1x 2 8 16 20 42 46
1x 2 8 15 28 31 36
1x 2 8 15 27 30 39
1x 2 8 14 24 27 34
1x 2 8 14 23 40 41
1x 2 8 14 20 23 38
1x 2 8 14 17 31 41
1x 2 8 13 25 44 45
1x 2 8 13 22 42 43
1x 2 8 12 22 23 28
1x 2 8 12 20 35 45
1x 2 8 11 44 46 48
1x 2 8 11 18 19 38
1x 2 8 11 17 25 45
1x 2 8 11 17 19 39
1x 2 8 11 15 17 35
1x 2 8 10 39 45 46
1x 2 8 10 14 27 42
1x 2 8 10 11 22 35
1x 2 7 9 36 42 46
1x 2 7 9 16 20 40
1x 2 7 8 27 31 41
1x 2 7 8 19 22 30
1x 2 7 8 17 20 26
1x 2 7 34 39 43 44
1x 2 7 30 34 35 42
1x 2 7 28 30 33 46
1x 2 7 25 32 36 38
1x 2 7 25 27 39 44
1x 2 7 23 34 41 47
1x 2 7 22 31 32 41
1x 2 7 22 30 32 39
1x 2 7 22 25 26 35
1x 2 7 21 34 35 48
1x 2 7 21 26 27 49
1x 2 7 18 35 36 45
1x 2 7 18 25 27 48
1x 2 7 16 38 43 47
1x 2 7 16 24 43 48
1x 2 7 16 20 31 43
1x 2 7 15 17 39 43
1x 2 7 14 16 18 26
1x 2 7 13 30 31 33
1x 2 7 13 16 27 34
1x 2 7 13 14 33 36
1x 2 7 11 39 41 48
1x 2 7 11 15 29 30
1x 2 7 10 27 30 49
1x 2 7 10 22 34 43
1x 2 6 9 34 37 46
1x 2 6 9 28 39 49
1x 2 6 8 17 18 35
1x 2 6 7 20 24 33
1x 2 6 7 16 39 44
1x 2 6 7 15 31 34
1x 2 6 25 34 44 48
1x 2 6 25 27 29 30
1x 2 6 22 25 35 36
1x 2 6 21 31 46 47
1x 2 6 21 29 37 39
1x 2 6 19 21 36 45
1x 2 6 18 33 36 47
1x 2 6 18 22 23 27
1x 2 6 17 36 47 49
1x 2 6 17 20 25 38
1x 2 6 16 26 30 39
1x 2 6 15 31 48 49
1x 2 6 14 25 38 43
1x 2 6 13 26 32 45
1x 2 6 13 26 32 34
1x 2 6 13 24 27 38
1x 2 6 12 23 32 43
1x 2 6 12 14 28 40
1x 2 6 11 12 38 40
1x 2 6 10 14 15 29
1x 2 5 9 24 34 42
1x 2 5 9 22 26 30
1x 2 5 8 14 22 36
1x 2 5 7 17 27 47
1x 2 5 7 14 40 41
1x 2 5 6 8 22 24
1x 2 5 6 8 10 16
1x 2 5 6 7 22 47
1x 2 5 6 24 26 44
1x 2 5 6 18 25 29
1x 2 5 6 16 21 31
1x 2 5 6 15 18 27
1x 2 5 28 36 44 48
1x 2 5 25 29 39 47
1x 2 5 24 37 43 48
1x 2 5 22 43 44 45
1x 2 5 22 29 39 46
1x 2 5 21 23 38 48
1x 2 5 19 20 40 47
1x 2 5 18 23 40 47
1x 2 5 18 19 35 42
1x 2 5 17 38 41 44
1x 2 5 16 24 45 48
1x 2 5 16 18 37 39
1x 2 5 15 31 37 43
1x 2 5 14 35 39 42
1x 2 5 13 19 30 47
1x 2 5 13 19 22 23
1x 2 5 13 18 22 29
1x 2 5 11 18 30 31
1x 2 5 11 17 19 28
1x 2 5 10 21 42 46
1x 2 5 10 20 25 42
1x 2 4 9 20 42 48
1x 2 4 9 18 22 23
1x 2 4 8 30 38 44
1x 2 4 8 23 40 49
1x 2 4 8 23 33 45
1x 2 4 8 17 25 41
1x 2 4 7 27 40 47
1x 2 4 6 8 31 44
1x 2 4 6 8 14 28
1x 2 4 6 7 20 39
1x 2 4 6 7 16 44
1x 2 4 6 40 41 43
1x 2 4 6 33 36 40
1x 2 4 6 12 28 40
1x 2 4 5 9 12 17
1x 2 4 5 8 29 42
1x 2 4 5 8 18 40
1x 2 4 5 27 28 35
1x 2 4 5 26 27 36
1x 2 4 5 10 25 34
1x 2 4 31 39 40 46
1x 2 4 30 35 36 45
1x 2 4 28 38 40 43
1x 2 4 24 34 37 42
1x 2 4 23 35 39 47
1x 2 4 22 27 31 41
1x 2 4 17 28 34 44
1x 2 4 16 29 38 45
1x 2 4 16 23 26 30
1x 2 4 14 17 45 48
1x 2 4 14 16 22 23
1x 2 4 13 26 47 49
1x 2 4 11 22 39 44
1x 2 4 10 32 35 46
1x 2 4 10 22 27 40
1x 2 37 39 44 47 49
1x 2 34 37 38 41 44
1x 2 32 35 39 46 49
1x 2 32 34 40 41 48
1x 2 3 9 21 27 31
1x 2 3 8 34 37 47
1x 2 3 8 34 35 38
1x 2 3 8 17 22 49
1x 2 3 7 33 41 42
1x 2 3 7 17 37 38
1x 2 3 7 17 19 42
1x 2 3 6 23 35 39
1x 2 3 6 21 22 44
1x 2 3 6 20 24 39
1x 2 3 6 12 19 22
1x 2 3 6 11 31 33
1x 2 3 5 8 13 43
1x 2 3 4 7 25 36
1x 2 3 4 6 23 45
1x 2 3 4 5 6 26
1x 2 3 4 12 44 49
1x 2 3 30 32 40 41
1x 2 3 28 31 42 49
1x 2 3 27 32 33 36
1x 2 3 25 28 38 49
1x 2 3 25 26 33 46
1x 2 3 22 29 35 37
1x 2 3 22 27 38 48
1x 2 3 18 20 37 42
1x 2 3 17 32 45 46
1x 2 3 17 25 33 48
1x 2 3 17 21 38 46
1x 2 3 15 22 27 42
1x 2 3 12 19 38 40
1x 2 3 12 17 19 26
1x 2 3 12 16 19 38
1x 2 3 12 15 30 32
1x 2 3 11 29 37 46
1x 2 3 11 25 27 35
1x 2 3 11 21 26 46
1x 2 3 11 19 30 43
1x 2 3 11 16 38 40
1x 2 3 10 35 36 41
1x 2 3 10 31 32 42
1x 2 28 33 39 42 48
1x 2 27 31 38 40 48
1x 2 27 30 31 32 37
1x 2 27 29 32 45 47
1x 2 27 28 41 44 46
1x 2 26 37 38 39 47
1x 2 26 29 36 39 49
1x 2 26 28 29 32 39
1x 2 25 30 32 38 49
1x 2 25 27 28 38 42
1x 2 25 26 31 34 48
1x 2 24 30 31 37 43
1x 2 24 27 35 36 42
1x 2 24 26 30 38 42
1x 2 24 25 26 41 46
1x 2 23 37 39 43 45
1x 2 23 34 40 45 49
1x 2 23 34 38 42 46
1x 2 23 28 29 44 47
1x 2 23 27 31 39 45
1x 2 23 27 30 46 48
1x 2 23 25 38 45 46
1x 2 23 25 32 43 49
1x 2 22 31 32 39 43
1x 2 22 24 33 37 46
1x 2 22 23 28 40 49
1x 2 21 37 40 41 49
1x 2 21 31 34 35 41
1x 2 21 29 39 42 47
1x 2 21 24 26 32 42
1x 2 21 22 31 40 44
1x 2 21 22 27 36 44
1x 2 20 35 36 37 49
1x 2 20 34 37 44 49
1x 2 20 33 40 41 43
1x 2 20 27 31 37 49
1x 2 20 26 31 33 38
1x 2 20 24 31 42 48
1x 2 20 21 24 25 32
1x 2 20 21 23 26 36
1x 2 19 38 43 44 47
1x 2 19 30 32 41 48
1x 2 19 30 31 37 42
1x 2 19 29 36 43 49
1x 2 19 27 28 37 39
1x 2 19 25 30 32 39
1x 2 19 25 28 40 47
1x 2 19 22 37 41 48
1x 2 19 21 25 26 39
1x 2 18 34 36 38 44
1x 2 18 33 38 39 47
1x 2 18 30 36 39 47
1x 2 18 30 31 46 47
1x 2 18 27 42 45 47
1x 2 18 27 31 38 39
1x 2 18 26 34 39 49
1x 2 18 25 27 45 49
1x 2 18 23 26 42 46
1x 2 18 22 46 47 49
1x 2 18 21 33 37 46
1x 2 18 21 26 32 41
1x 2 18 19 23 35 39
1x 2 17 31 34 37 43
1x 2 17 25 26 37 43
1x 2 17 24 40 42 43
1x 2 17 23 35 43 46
1x 2 17 22 23 39 42
1x 2 17 21 31 45 47
1x 2 17 19 25 45 48
1x 2 17 19 23 38 47
1x 2 17 19 23 28 41
1x 2 16 30 35 44 46
1x 2 16 27 32 39 46
1x 2 16 25 26 37 39
1x 2 16 22 24 37 40
1x 2 16 21 27 37 48
1x 2 16 21 26 33 36
1x 2 16 21 26 32 47
1x 2 16 19 38 46 49
1x 2 16 19 23 33 35
1x 2 16 18 36 45 46
1x 2 16 17 38 39 44
1x 2 16 17 34 39 40
1x 2 16 17 26 30 33
1x 2 16 17 23 27 38
1x 2 16 17 18 26 37
1x 2 15 30 32 43 45
1x 2 15 29 32 33 39
1x 2 15 28 36 37 42
1x 2 15 28 31 33 35
1x 2 15 28 30 32 41
1x 2 15 24 33 37 46
1x 2 15 24 32 39 44
1x 2 15 22 37 39 41
1x 2 15 22 25 38 42
1x 2 15 22 24 28 35
1x 2 15 21 24 34 37
1x 2 15 20 33 39 40
1x 2 15 18 27 29 43
1x 2 15 18 24 36 48
1x 2 15 17 41 42 49
1x 2 15 17 21 43 45
1x 2 15 16 44 46 49
1x 2 15 16 29 42 46
1x 2 15 16 23 28 43
1x 2 15 16 22 30 35
1x 2 15 16 20 33 34
1x 2 14 38 41 46 49
1x 2 14 37 45 46 47
1x 2 14 34 35 40 41
1x 2 14 33 42 48 49
1x 2 14 30 32 44 46
1x 2 14 27 30 34 36
1x 2 14 26 27 43 47
1x 2 14 26 27 31 34
1x 2 14 22 24 28 34
1x 2 14 21 26 41 45
1x 2 14 19 27 40 44
1x 2 14 19 25 26 39
1x 2 14 19 20 32 43
1x 2 14 18 31 40 48
1x 2 14 18 26 35 36
1x 2 14 18 21 29 45
1x 2 14 17 29 36 44
1x 2 14 17 20 24 48
1x 2 14 16 24 30 47
1x 2 14 16 19 25 41
1x 2 14 16 17 36 39
1x 2 14 15 33 38 49
1x 2 14 15 16 20 26
1x 2 13 34 38 40 43
1x 2 13 31 32 38 47
1x 2 13 29 37 47 49
1x 2 13 28 30 32 36
1x 2 13 27 34 41 46
1x 2 13 25 35 45 46
1x 2 13 23 42 43 47
1x 2 13 23 25 27 34
1x 2 13 20 28 42 45
1x 2 13 19 31 41 42
1x 2 13 17 22 36 45
1x 2 13 17 18 26 41
1x 2 13 15 35 39 48
1x 2 12 35 41 47 49
1x 2 12 23 28 32 48
1x 2 12 23 26 28 42
1x 2 12 20 32 33 43
1x 2 12 19 41 47 48
1x 2 12 18 34 35 44
1x 2 12 18 25 28 39
1x 2 12 16 21 29 45
1x 2 12 16 21 29 37
1x 2 12 16 17 33 49
1x 2 12 15 24 31 39
1x 2 12 14 34 36 48
1x 2 12 14 24 31 44
1x 2 12 14 20 39 47
1x 2 12 14 19 23 30
1x 2 12 14 16 36 46
1x 2 12 13 38 40 43
1x 2 11 32 34 48 49
1x 2 11 22 25 38 40
1x 2 11 21 31 36 41
1x 2 11 20 29 35 46
1x 2 11 19 38 40 45
1x 2 11 18 26 32 49
1x 2 11 18 19 21 38
1x 2 11 17 33 34 38
1x 2 11 14 22 34 47
1x 2 11 14 18 34 46
1x 2 11 13 20 36 40
1x 2 11 13 15 21 41
1x 2 11 12 14 25 40
1x 2 10 33 37 40 41
1x 2 10 25 30 38 41
1x 2 10 25 29 30 42
1x 2 10 23 34 42 44
1x 2 10 23 24 32 34
1x 2 10 21 23 44 45
1x 2 10 20 24 25 47
1x 2 10 18 22 34 37
1x 2 10 16 21 45 48
1x 2 10 15 26 32 37
1x 2 10 15 20 32 35
1x 2 10 14 38 41 49
1x 2 10 14 15 28 44
1x 2 10 12 16 21 40
1x 2 10 12 15 35 44
1x 2 10 11 13 40 41
1x 19 38 39 41 48 49
1x 19 37 38 39 44 48
1x 19 33 34 41 42 46
1x 19 32 33 34 40 49
1x 19 31 32 36 40 49
1x 19 29 39 42 48 49
1x 19 29 31 39 40 45
1x 19 29 31 36 41 48
1x 19 28 38 39 40 46
1x 19 28 33 36 38 46
1x 19 28 32 41 43 46
1x 19 28 31 33 36 41
1x 19 27 31 39 40 44
1x 19 27 29 32 34 46
1x 19 27 29 31 38 44
1x 19 27 28 33 36 38
1x 19 26 36 40 42 43
1x 19 26 36 40 41 42
1x 19 26 32 41 43 44
1x 19 26 30 40 43 45
1x 19 25 30 34 37 42
1x 19 25 26 31 35 38
1x 19 24 35 36 37 38
1x 19 24 33 39 44 46
1x 19 24 30 41 43 44
1x 19 23 29 37 42 46
1x 19 23 28 30 31 49
1x 19 23 27 46 47 48
1x 19 23 27 45 47 49
1x 19 23 24 34 40 43
1x 19 23 24 25 37 43
1x 19 22 37 39 47 49
1x 19 22 33 40 42 49
1x 19 22 31 32 44 48
1x 19 22 27 31 45 46
1x 19 22 26 27 31 40
1x 19 22 25 26 28 42
1x 19 22 23 31 32 42
1x 19 21 35 36 43 47
1x 19 21 32 37 48 49
1x 19 21 30 39 47 49
1x 19 21 30 35 36 43
1x 19 21 30 34 41 45
1x 19 21 29 37 40 43
1x 19 21 22 26 27 32
1x 19 20 42 43 44 49
1x 19 20 31 36 38 45
1x 19 20 27 29 31 39
1x 19 20 24 29 43 45
1x 19 20 23 25 30 34
1x 19 20 22 34 38 43
1x 18 32 34 38 40 48
1x 18 30 31 33 35 40
1x 18 28 35 37 42 45
1x 18 27 36 39 41 47
1x 18 26 35 37 41 46
1x 18 26 30 32 40 46
1x 18 24 35 38 39 47
1x 18 24 31 37 43 49
1x 18 24 28 30 35 49
1x 18 24 26 29 32 33
1x 18 23 29 33 37 44
1x 18 23 29 32 40 44
1x 18 23 26 32 34 45
1x 18 23 26 28 44 49
1x 18 22 31 33 35 45
1x 18 22 29 32 34 44
1x 18 22 28 44 48 49
1x 18 22 28 31 35 49
1x 18 22 25 36 41 47
1x 18 22 23 27 32 36
1x 18 21 38 39 40 41
1x 18 21 32 39 42 43
1x 18 21 32 33 45 48
1x 18 21 26 34 41 49
1x 18 21 23 32 39 44
1x 18 20 35 40 42 49
1x 18 20 26 33 36 47
1x 18 20 26 27 37 39
1x 18 20 24 32 41 43
1x 18 20 23 33 37 43
1x 18 20 23 25 31 38
1x 18 19 34 43 45 48
1x 18 19 32 38 47 49
1x 18 19 32 34 35 43
1x 18 19 21 28 34 38
1x 18 19 20 22 35 40
1x 17 39 44 47 48 49
1x 17 35 41 42 47 48
1x 17 35 36 43 45 46
1x 17 33 37 39 45 49
1x 17 31 32 41 42 43
1x 17 30 32 37 40 47
1x 17 28 36 44 45 47
1x 17 28 34 36 37 49
1x 17 28 32 33 37 49
1x 17 28 29 40 42 47
1x 17 27 42 43 46 47
1x 17 26 35 44 46 49
1x 17 26 29 40 43 47
1x 17 25 34 39 42 43
1x 17 25 30 34 35 41
1x 17 25 26 40 42 46
1x 17 24 26 39 43 49
1x 17 24 26 30 32 37
1x 17 23 33 37 40 42
1x 17 23 31 32 33 40
1x 17 23 30 31 38 48
1x 17 23 29 36 41 43
1x 17 23 28 42 47 48
1x 17 23 25 29 42 44
1x 17 22 37 43 46 48
1x 17 22 34 37 38 46
1x 17 22 31 35 38 44
1x 17 22 26 32 34 43
1x 17 22 23 26 30 45
1x 17 21 34 38 45 47
1x 17 21 30 44 45 49
1x 17 21 23 24 32 35
1x 17 21 22 28 31 42
1x 17 20 27 39 47 49
1x 17 20 26 33 46 47
1x 17 20 22 33 34 45
1x 17 20 22 28 31 43
1x 17 20 22 25 43 46
1x 17 19 28 36 48 49
1x 17 19 28 30 32 41
1x 17 19 27 31 37 48
1x 17 19 25 28 37 48
1x 17 19 24 30 34 35
1x 17 19 23 30 31 40
1x 17 19 23 26 34 47
1x 17 19 20 35 40 48
1x 17 19 20 25 28 37
1x 17 18 42 46 47 49
1x 17 18 25 27 28 36
1x 17 18 21 35 36 43
1x 17 18 21 24 33 34
1x 17 18 19 34 46 48
1x 17 18 19 21 36 49
1x 16 39 42 43 45 48
1x 16 35 42 46 47 48
1x 16 34 38 40 42 43
1x 16 34 36 40 45 47
1x 16 32 35 39 47 48
1x 16 31 36 39 40 49
1x 16 29 39 40 41 47
1x 16 28 29 33 37 42
1x 16 27 31 41 44 47
1x 16 27 31 37 41 49
1x 16 27 31 33 36 41
1x 16 27 30 34 38 47
1x 16 26 30 37 38 42
1x 16 26 27 35 47 48
1x 16 25 39 40 41 49
1x 16 25 34 41 45 47
1x 16 25 28 41 44 47
1x 16 25 27 32 35 46
1x 16 24 41 44 45 46
1x 16 24 38 39 44 46
1x 16 24 33 36 45 47
1x 16 24 31 41 44 47
1x 16 24 30 31 36 49
1x 16 24 26 28 39 45
1x 16 23 30 33 38 49
1x 16 23 26 28 45 46
1x 16 22 31 37 46 47
1x 16 22 30 32 48 49
1x 16 21 32 33 42 46
1x 16 21 31 46 47 48
1x 16 21 28 39 40 48
1x 16 21 27 38 45 49
1x 16 21 27 28 34 49
1x 16 21 23 29 31 38
1x 16 21 22 37 42 49
1x 16 21 22 25 27 36
1x 16 20 33 34 40 46
1x 16 20 28 29 30 44
1x 16 20 24 30 45 46
1x 16 20 23 28 40 43
1x 16 20 21 24 30 38
1x 16 19 27 40 42 43
1x 16 19 26 32 38 39
1x 16 19 25 36 39 48
1x 16 18 29 33 34 48
1x 16 18 27 45 46 49
1x 16 18 24 29 36 44
1x 16 18 23 29 38 47
1x 16 18 21 26 32 47
1x 16 17 33 35 40 41
1x 16 17 26 31 33 40
1x 16 17 26 30 41 43
1x 16 17 22 25 27 35
1x 16 17 18 19 29 37
1x 15 32 35 36 42 47
1x 15 30 33 34 37 38
1x 15 30 32 33 36 37
1x 15 30 31 32 41 48
1x 15 29 35 36 40 41
1x 15 28 38 39 44 46
1x 15 26 29 39 47 49
1x 15 25 31 36 37 41
1x 15 25 30 34 41 42
1x 15 25 28 38 40 45
1x 15 25 27 32 46 48
1x 15 25 27 30 42 48
1x 15 25 26 28 39 41
1x 15 24 32 35 36 40
1x 15 24 30 32 43 46
1x 15 24 25 34 43 46
1x 15 23 31 36 37 46
1x 15 23 25 28 47 48
1x 15 22 27 28 42 47
1x 15 22 26 28 36 42
1x 15 22 23 26 33 43
1x 15 21 28 36 37 42
1x 15 21 28 32 40 43
1x 15 21 24 33 38 39
1x 15 21 23 38 44 49
1x 15 20 29 30 39 46
1x 15 20 25 32 39 41
1x 15 20 23 46 47 48
1x 15 19 39 43 48 49
1x 15 19 31 34 41 44
1x 15 19 27 34 42 48
1x 15 19 22 25 31 33
1x 15 19 21 22 31 49
1x 15 18 32 39 48 49
1x 15 18 27 40 44 45
1x 15 18 27 31 33 35
1x 15 18 24 45 47 49
1x 15 18 24 28 30 44
1x 15 18 22 23 38 40
1x 15 18 20 29 31 33
1x 15 18 19 20 42 49
1x 15 17 31 32 40 47
1x 15 17 30 31 44 45
1x 15 17 27 29 30 41
1x 15 17 26 29 32 47
1x 15 17 26 27 40 41
1x 15 17 24 27 32 37
1x 15 17 21 35 44 45
1x 15 17 21 24 39 43
1x 15 17 21 24 31 40
1x 15 17 20 35 38 44
1x 15 17 20 23 31 35
1x 15 17 18 27 33 38
1x 15 17 18 26 34 49
1x 15 17 18 24 31 44
1x 15 16 31 40 43 47
1x 15 16 31 32 37 49
1x 15 16 30 34 41 43
1x 15 16 25 32 37 44
1x 15 16 25 27 38 47
1x 15 16 21 35 37 47
1x 15 16 21 25 32 33
1x 15 16 21 23 35 43
1x 15 16 20 24 27 40
1x 15 16 19 39 42 47
1x 15 16 19 28 36 40
1x 15 16 18 27 31 36
1x 15 16 18 25 37 43
1x 15 16 17 30 38 40
1x 15 16 17 29 32 42
1x 15 16 17 20 40 45
1x 15 16 17 19 21 29
1x 14 39 40 43 45 48
1x 14 36 40 41 43 44
1x 14 34 36 45 46 47
1x 14 31 33 38 39 49
1x 14 30 31 34 38 48
1x 14 28 31 33 39 42
1x 14 27 33 37 39 48
1x 14 26 31 40 48 49
1x 14 25 41 46 47 49
1x 14 25 34 43 44 46
1x 14 25 31 32 41 49
1x 14 25 30 35 40 44
1x 14 25 30 35 37 38
1x 14 25 29 38 44 46
1x 14 25 29 33 37 42
1x 14 24 41 43 45 48
1x 14 24 34 35 43 46
1x 14 24 26 29 30 40
1x 14 23 28 29 36 40
1x 14 23 24 25 36 38
1x 14 22 34 38 40 48
1x 14 22 31 37 39 45
1x 14 22 29 30 35 43
1x 14 22 28 36 38 46
1x 14 22 25 35 44 48
1x 14 22 24 30 41 45
1x 14 21 30 34 38 44
1x 14 21 29 37 40 48
1x 14 21 28 30 31 38
1x 14 21 26 35 36 37
1x 14 21 26 27 28 39
1x 14 21 25 34 48 49
1x 14 21 24 31 34 48
1x 14 21 24 28 38 48
1x 14 21 22 23 25 42
1x 14 20 30 43 47 48
1x 14 19 34 35 39 42
1x 14 19 28 39 43 49
1x 14 19 24 31 40 41
1x 14 19 24 25 31 41
1x 14 19 23 27 30 47
1x 14 19 23 26 29 33
1x 14 19 23 24 25 31
1x 14 19 22 42 43 44
1x 14 19 21 31 32 45
1x 14 19 21 28 44 46
1x 14 19 20 21 35 47
1x 14 18 33 35 39 41
1x 14 18 29 30 39 43
1x 14 18 27 33 38 42
1x 14 18 24 26 32 35
1x 14 18 23 27 34 39
1x 14 18 22 31 45 48
1x 14 18 19 26 31 41
1x 14 17 42 45 46 47
1x 14 17 32 34 36 41
1x 14 17 29 33 44 48
1x 14 17 25 35 45 46
1x 14 17 21 37 42 47
1x 14 17 21 26 43 46
1x 14 17 20 40 42 48
1x 14 17 20 23 26 28
1x 14 17 18 33 35 41
1x 14 17 18 25 42 47
1x 14 16 32 38 40 44
1x 14 16 29 40 43 46
1x 14 16 28 37 39 40
1x 14 16 23 33 34 41
1x 14 16 23 25 30 36
1x 14 16 22 30 35 47
1x 14 16 21 28 31 39
1x 14 16 19 24 30 33
1x 14 16 18 32 37 43
1x 14 16 18 22 43 46
1x 14 16 18 19 29 39
1x 14 16 17 30 36 48
1x 14 15 35 40 43 46
1x 14 15 35 36 37 40
1x 14 15 31 32 45 47
1x 14 15 28 32 33 34
1x 14 15 27 37 41 48
1x 14 15 27 32 37 45
1x 14 15 20 37 42 48
1x 14 15 20 26 35 49
1x 14 15 20 22 23 28
1x 14 15 19 21 33 38
1x 14 15 19 20 25 33
1x 14 15 17 25 34 49
1x 13 29 37 38 45 48
1x 13 28 35 46 48 49
1x 13 28 31 33 34 35
1x 13 28 30 37 43 49
1x 13 28 30 31 33 46
1x 13 27 34 35 43 48
1x 13 26 39 42 46 47
1x 13 26 29 33 36 39
1x 13 24 30 32 33 46
1x 13 24 28 36 45 49
1x 13 24 28 31 32 40
1x 13 23 26 27 34 46
1x 13 23 24 35 36 44
1x 13 22 39 41 42 43
1x 13 22 34 36 37 44
1x 13 22 32 39 41 43
1x 13 21 37 44 45 47
1x 13 21 35 36 45 46
1x 13 21 35 36 42 44
1x 13 21 28 33 39 47
1x 13 21 26 44 48 49
1x 13 21 26 27 44 47
1x 13 21 25 34 35 46
1x 13 21 22 38 40 48
1x 13 21 22 33 45 48
1x 13 21 22 25 40 43
1x 13 20 36 39 40 44
1x 13 20 30 32 37 47
1x 13 20 27 33 38 45
1x 13 20 26 44 48 49
1x 13 20 26 42 44 45
1x 13 20 23 26 35 43
1x 13 20 22 41 42 49
1x 13 20 22 29 39 46
1x 13 20 22 23 25 35
1x 13 20 21 22 26 42
1x 13 19 23 29 36 38
1x 13 19 22 28 34 40
1x 13 19 21 34 36 46
1x 13 19 21 25 31 37
1x 13 19 20 25 29 44
1x 13 18 33 45 47 48
1x 13 18 31 45 46 49
1x 13 18 30 31 34 36
1x 13 18 27 35 38 39
1x 13 18 24 37 41 48
1x 13 18 24 31 38 46
1x 13 18 24 28 31 44
1x 13 18 23 31 32 37
1x 13 18 19 28 32 46
1x 13 17 24 27 35 42
1x 13 17 21 25 34 48
1x 13 17 20 27 33 48
1x 13 17 20 25 41 46
1x 13 17 20 24 27 47
1x 13 17 19 25 28 42
1x 13 16 28 38 48 49
1x 13 16 23 25 26 47
1x 13 16 21 22 35 40
1x 13 16 21 22 27 43
1x 13 16 19 30 45 46
1x 13 16 19 27 32 37
1x 13 16 18 27 47 49
1x 13 15 31 40 44 46
1x 13 15 30 31 42 44
1x 13 15 28 38 43 48
1x 13 15 27 35 40 46
1x 13 15 25 32 42 48
1x 13 15 25 29 34 36
1x 13 15 24 32 36 49
1x 13 15 24 30 43 47
1x 13 15 22 28 37 48
1x 13 15 21 22 31 33
1x 13 15 20 32 37 49
1x 13 15 19 25 38 43
1x 13 15 17 25 33 34
1x 13 15 17 18 20 31
1x 13 15 16 25 26 32
1x 13 15 16 19 20 27
1x 13 14 39 42 45 49
1x 13 14 30 37 41 42
1x 13 14 27 32 34 40
1x 13 14 26 28 31 43
1x 13 14 23 39 41 46
1x 13 14 23 38 41 43
1x 13 14 21 29 31 34
1x 13 14 21 22 41 42
1x 13 14 20 28 29 33
1x 13 14 19 33 36 42
1x 13 14 16 17 25 27
1x 12 36 40 42 44 48
1x 12 35 36 38 39 44
1x 12 30 44 45 46 48
1x 12 30 31 34 35 49
1x 12 29 31 37 39 45
1x 12 28 32 33 36 48
1x 12 28 31 33 36 37
1x 12 27 33 34 43 47
1x 12 27 28 32 41 42
1x 12 26 35 36 42 43
1x 12 26 32 39 44 47
1x 12 25 31 36 45 47
1x 12 24 32 36 40 42
1x 12 24 28 31 37 39
1x 12 24 27 29 43 49
1x 12 23 38 42 46 49
1x 12 23 28 30 45 47
1x 12 23 27 35 42 47
1x 12 23 26 27 31 43
1x 12 23 25 36 42 47
1x 12 23 24 26 32 34
1x 12 23 24 25 28 45
1x 12 22 29 33 34 42
1x 12 22 26 27 40 41
1x 12 22 25 38 43 44
1x 12 22 25 37 38 48
1x 12 22 24 37 41 43
1x 12 21 28 33 41 42
1x 12 21 24 26 29 38
1x 12 21 23 29 35 41
1x 12 20 33 36 41 46
1x 12 20 31 42 46 48
1x 12 20 27 34 36 47
1x 12 20 24 30 38 45
1x 12 20 22 29 30 49
1x 12 20 21 27 38 40
1x 12 19 26 27 33 38
1x 12 19 24 28 34 37
1x 12 19 22 42 43 45
1x 12 19 22 25 32 45
1x 12 18 25 47 48 49
1x 12 18 25 29 33 37
1x 12 18 23 27 32 46
1x 12 18 23 25 40 44
1x 12 18 22 25 29 42
1x 12 18 21 27 41 44
1x 12 17 31 36 37 39
1x 12 17 25 28 30 43
1x 12 17 24 30 31 32
1x 12 17 23 27 35 40
1x 12 17 19 23 34 48
1x 12 17 18 19 28 35
1x 12 16 32 34 43 44
1x 12 16 28 40 42 48
1x 12 16 28 33 36 40
1x 12 16 28 32 35 39
1x 12 16 25 38 43 44
1x 12 16 22 29 34 43
1x 12 16 20 32 37 45
1x 12 16 19 24 25 39
1x 12 16 17 31 34 43
1x 12 16 17 23 31 36
1x 12 15 29 34 36 47
1x 12 15 25 29 30 44
1x 12 15 25 28 32 43
1x 12 15 22 35 42 49
1x 12 15 22 24 32 34
1x 12 15 21 30 32 48
1x 12 15 20 22 26 32
1x 12 15 19 27 28 48
1x 12 15 17 25 35 36
1x 12 15 17 25 32 41
1x 12 15 16 20 29 45
1x 12 15 16 20 27 45
1x 12 14 36 38 42 49
1x 12 14 23 24 34 36
1x 12 14 22 35 39 45
1x 12 14 19 41 44 49
1x 12 14 18 24 44 48
1x 12 14 17 39 45 46
1x 12 14 16 33 42 47
1x 12 14 16 28 42 49
1x 12 14 15 17 31 38
1x 12 13 26 28 31 43
1x 12 13 24 32 40 48
1x 12 13 24 25 41 42
1x 12 13 22 41 43 49
1x 12 13 22 39 45 48
1x 12 13 22 30 35 36
1x 12 13 22 23 40 44
1x 12 13 21 26 33 38
1x 12 13 19 39 43 49
1x 12 13 18 29 33 45
1x 12 13 18 25 28 44
1x 12 13 18 19 28 37
1x 12 13 17 28 44 47
1x 12 13 17 20 31 37
1x 12 13 17 18 32 45
1x 12 13 16 26 32 47
1x 12 13 16 21 33 49
1x 12 13 16 17 26 40
1x 12 13 15 16 30 36
1x 12 13 14 18 27 44
1x 11 29 30 32 39 40
1x 11 29 30 32 36 48
1x 11 29 30 31 48 49
1x 11 28 40 42 46 49
1x 11 28 31 36 38 42
1x 11 27 35 39 44 45
1x 11 27 28 29 37 39
1x 11 26 33 45 48 49
1x 11 26 31 45 46 48
1x 11 25 31 35 38 43
1x 11 25 28 32 37 44
1x 11 24 27 31 40 48
1x 11 23 33 39 44 46
1x 11 23 32 38 44 49
1x 11 23 28 32 35 36
1x 11 22 39 41 43 49
1x 11 22 37 39 40 42
1x 11 22 30 44 48 49
1x 11 22 29 38 41 42
1x 11 22 28 37 40 43
1x 11 22 27 45 46 48
1x 11 22 26 28 45 49
1x 11 21 32 41 42 46
1x 11 21 26 40 42 45
1x 11 21 26 32 33 44
1x 11 21 22 25 45 47
1x 11 20 30 31 34 40
1x 11 20 29 38 44 49
1x 11 20 26 27 38 49
1x 11 20 25 29 41 47
1x 11 20 23 29 33 48
1x 11 20 23 27 29 49
1x 11 19 28 29 42 45
1x 11 19 25 27 37 43
1x 11 19 24 42 46 47
1x 11 19 23 30 36 47
1x 11 18 25 42 43 46
1x 11 18 23 26 36 38
1x 11 18 22 26 43 45
1x 11 18 20 31 39 43
1x 11 18 20 27 34 47
1x 11 18 19 44 46 49
1x 11 18 19 22 25 42
1x 11 18 19 20 33 48
1x 11 17 33 34 35 36
1x 11 17 24 25 36 46
1x 11 17 23 26 31 38
1x 11 17 21 23 28 31
1x 11 17 20 33 43 49
1x 11 17 20 33 37 47
1x 11 17 20 27 34 45
1x 11 17 20 26 28 38
1x 11 17 19 20 26 30
1x 11 16 29 35 38 47
1x 11 16 22 28 41 49
1x 11 16 21 29 32 43
1x 11 16 20 27 32 38
1x 11 16 19 29 41 43
1x 11 16 19 27 34 36
1x 11 16 19 25 30 49
1x 11 16 18 27 32 39
1x 11 16 17 35 41 44
1x 11 15 31 34 39 43
1x 11 15 30 31 32 39
1x 11 15 27 30 31 39
1x 11 15 24 36 40 42
1x 11 15 21 22 27 47
1x 11 15 19 22 38 49
1x 11 15 18 33 38 48
1x 11 15 17 41 46 49
1x 11 15 17 20 34 41
1x 11 15 17 18 33 44
1x 11 15 16 34 40 43
1x 11 15 16 26 32 36
1x 11 14 36 41 42 45
1x 11 14 32 34 44 46
1x 11 14 30 37 46 48
1x 11 14 29 31 37 49
1x 11 14 26 30 41 44
1x 11 14 25 40 42 48
1x 11 14 25 28 30 46
1x 11 14 24 32 36 42
1x 11 14 19 27 30 33
1x 11 14 17 30 31 44
1x 11 14 17 23 29 45
1x 11 14 17 22 33 39
1x 11 14 16 33 35 36
1x 11 14 16 24 36 42
1x 11 14 15 19 34 49
1x 11 13 35 38 41 42
1x 11 13 24 27 41 48
1x 11 13 24 26 41 42
1x 11 13 22 27 33 48
1x 11 13 22 26 29 43
1x 11 13 19 27 33 39
1x 11 13 19 25 27 30
1x 11 13 18 32 41 47
1x 11 13 18 20 28 33
1x 11 13 17 34 46 49
1x 11 13 17 29 32 38
1x 11 13 17 20 26 49
1x 11 13 16 30 35 48
1x 11 13 15 17 41 45
1x 11 13 14 18 27 29
1x 11 12 39 41 43 45
1x 11 12 33 36 39 40
1x 11 12 31 34 44 45
1x 11 12 30 32 33 46
1x 11 12 26 43 45 46
1x 11 12 24 31 42 48
1x 11 12 23 35 41 42
1x 11 12 22 34 44 48
1x 11 12 22 33 41 42
1x 11 12 21 39 41 44
1x 11 12 21 37 41 47
1x 11 12 20 43 45 49
1x 11 12 19 34 37 41
1x 11 12 19 32 34 48
1x 11 12 19 22 41 48
1x 11 12 19 21 36 49
1x 11 12 18 29 38 39
1x 11 12 18 27 33 49
1x 11 12 18 19 41 42
1x 11 12 17 23 34 41
1x 11 12 17 19 36 44
1x 11 12 16 26 32 35
1x 11 12 15 30 39 49
1x 11 12 15 24 47 49
1x 11 12 15 23 29 44
1x 11 12 15 19 21 22
1x 11 12 14 35 37 43
1x 11 12 14 30 32 39
1x 11 12 14 18 31 32
1x 11 12 13 20 32 42
1x 10 33 39 43 46 48
1x 10 33 36 39 47 48
1x 10 32 36 37 39 44
1x 10 31 40 41 45 49
1x 10 31 33 35 41 42
1x 10 28 34 38 45 48
1x 10 28 33 37 40 41
1x 10 27 35 43 45 46
1x 10 27 30 39 40 47
1x 10 26 29 32 34 42
1x 10 25 29 33 36 41
1x 10 25 26 34 35 44
1x 10 24 31 40 41 49
1x 10 24 27 31 41 46
1x 10 23 31 34 45 49
1x 10 23 26 33 38 45
1x 10 23 26 31 33 47
1x 10 23 25 26 29 49
1x 10 23 24 28 35 42
1x 10 23 24 25 27 41
1x 10 22 27 31 44 45
1x 10 22 26 35 41 47
1x 10 22 24 26 31 39
1x 10 22 23 41 43 47
1x 10 22 23 30 34 40
1x 10 21 27 34 37 40
1x 10 21 27 29 32 49
1x 10 21 24 30 32 33
1x 10 21 23 37 39 41
1x 10 21 23 29 31 37
1x 10 21 22 25 35 49
1x 10 21 22 23 30 40
1x 10 20 28 37 46 48
1x 10 20 21 38 46 49
1x 10 19 28 36 44 47
1x 10 19 28 29 33 35
1x 10 19 27 35 42 45
1x 10 19 25 40 42 49
1x 10 19 21 24 33 35
1x 10 18 28 32 35 38
1x 10 18 26 35 46 48
1x 10 18 25 45 48 49
1x 10 18 25 26 34 36
1x 10 18 22 34 35 43
1x 10 18 20 26 43 46
1x 10 17 32 38 41 43
1x 10 17 28 33 34 38
1x 10 17 28 30 36 49
1x 10 17 28 29 34 36
1x 10 17 27 35 42 46
1x 10 17 20 22 40 41
1x 10 17 19 26 42 43
1x 10 16 35 36 37 44
1x 10 16 26 42 44 48
1x 10 16 26 29 32 43
1x 10 16 25 40 42 44
1x 10 16 24 32 43 45
1x 10 16 24 25 47 49
1x 10 16 22 25 37 40
1x 10 16 20 21 22 44
1x 10 16 19 20 37 49
1x 10 16 17 31 42 43
1x 10 16 17 30 39 42
1x 10 16 17 25 31 43
1x 10 15 32 41 42 48
1x 10 15 32 36 37 39
1x 10 15 31 32 38 48
1x 10 15 26 28 35 45
1x 10 15 25 28 30 40
1x 10 15 25 27 32 46
1x 10 15 24 27 40 45
1x 10 15 24 27 31 34
1x 10 15 23 27 32 33
1x 10 15 23 24 27 35
1x 10 15 22 34 41 49
1x 10 15 22 23 26 36
1x 10 15 21 25 38 48
1x 10 15 19 39 44 46
1x 10 15 18 25 36 48
1x 10 15 17 22 28 31
1x 10 15 17 21 34 38
1x 10 15 17 18 47 48
1x 10 15 16 19 21 32
1x 10 15 16 18 35 37
1x 10 14 26 42 46 48
1x 10 14 25 36 41 46
1x 10 14 23 40 42 48
1x 10 14 22 39 41 49
1x 10 14 22 27 32 49
1x 10 14 19 42 44 46
1x 10 14 19 27 31 39
1x 10 14 18 35 40 45
1x 10 14 18 30 40 45
1x 10 14 18 27 38 43
1x 10 14 18 24 46 48
1x 10 14 18 24 39 47
1x 10 14 17 32 33 36
1x 10 14 17 22 37 38
1x 10 14 17 22 31 39
1x 10 14 17 19 31 32
1x 10 14 16 23 40 46
1x 10 14 16 23 35 37
1x 10 14 16 21 23 45
1x 10 13 26 36 44 47
1x 10 13 23 34 44 46
1x 10 13 23 24 38 48
1x 10 13 21 30 31 41
1x 10 13 21 23 34 38
1x 10 13 20 30 38 39
1x 10 13 19 32 35 43
1x 10 13 18 41 42 43
1x 10 13 17 21 46 48
1x 10 13 16 29 40 44
1x 10 13 16 28 29 47
1x 10 13 15 16 24 46
1x 10 12 33 40 43 44
1x 10 12 31 38 43 49
1x 10 12 29 30 37 46
1x 10 12 26 28 32 35
1x 10 12 25 41 47 49
1x 10 12 24 44 45 49
1x 10 12 22 26 28 45
1x 10 12 21 34 44 49
1x 10 12 19 35 40 45
1x 10 12 19 29 33 34
1x 10 12 18 24 43 44
1x 10 12 17 37 38 49
1x 10 12 17 29 39 40
1x 10 12 17 24 27 32
1x 10 12 16 30 39 42
1x 10 12 16 23 40 42
1x 10 12 15 44 47 49
1x 10 12 15 34 35 49
1x 10 12 14 29 40 47
1x 10 12 14 25 29 30
1x 10 12 13 30 36 45
1x 10 12 13 24 37 41
1x 10 12 13 22 23 49
1x 10 11 38 43 45 47
1x 10 11 28 38 43 47
1x 10 11 28 29 35 48
1x 10 11 26 29 32 45
1x 10 11 23 31 35 47
1x 10 11 23 30 41 44
1x 10 11 22 25 34 37
1x 10 11 21 23 42 44
1x 10 11 20 25 35 47
1x 10 11 20 24 28 46
1x 10 11 20 23 28 42
1x 10 11 19 32 42 46
1x 10 11 17 32 36 49
1x 10 11 16 21 41 46
1x 10 11 16 17 35 38
1x 10 11 15 16 28 37
1x 10 11 14 17 19 39
1x 10 11 13 32 39 49
1x 10 11 13 25 26 30
1x 10 11 13 20 22 41
1x 10 11 13 15 18 30
1x 10 11 12 25 32 42
1x 10 11 12 13 18 32
1x 1 9 27 28 34 37
1x 1 9 25 35 36 46
1x 1 9 25 33 38 44
1x 1 9 24 30 31 48
1x 1 9 23 38 42 47
1x 1 9 22 24 30 32
1x 1 9 21 25 30 38
1x 1 9 20 25 27 34
1x 1 9 17 27 38 42
1x 1 9 16 21 25 44
1x 1 9 16 19 29 49
1x 1 9 15 35 38 44
1x 1 9 15 31 35 42
1x 1 9 15 26 30 42
1x 1 9 15 24 30 43
1x 1 9 15 23 24 41
1x 1 9 15 16 23 44
1x 1 9 14 15 22 49
1x 1 9 13 23 46 48
1x 1 9 12 30 41 45
1x 1 9 12 24 31 38
1x 1 9 12 22 23 27
1x 1 9 10 28 46 49
1x 1 9 10 24 27 29
1x 1 9 10 23 26 37
1x 1 9 10 11 20 31
1x 1 9 10 11 15 34
1x 1 8 9 29 33 48
1x 1 8 9 28 32 38
1x 1 8 26 37 40 47
1x 1 8 26 27 35 38
1x 1 8 26 27 29 44
1x 1 8 25 36 37 40
1x 1 8 22 32 34 40
1x 1 8 21 28 38 42
1x 1 8 19 23 40 46
1x 1 8 19 22 36 42
1x 1 8 18 29 32 38
1x 1 8 18 23 30 38
1x 1 8 17 18 40 42
1x 1 8 14 15 21 40
1x 1 8 12 27 39 45
1x 1 8 12 27 30 41
1x 1 8 12 15 27 34
1x 1 8 12 15 24 29
1x 1 8 11 23 24 45
1x 1 8 11 22 26 42
1x 1 8 11 19 47 49
1x 1 8 10 11 15 33
1x 1 7 9 22 29 32
1x 1 7 9 19 31 36
1x 1 7 9 12 43 46
1x 1 7 8 9 24 41
1x 1 7 8 32 35 47
1x 1 7 8 11 15 36
1x 1 7 32 39 47 49
1x 1 7 30 44 48 49
1x 1 7 28 29 31 46
1x 1 7 27 41 46 49
1x 1 7 27 31 32 41
1x 1 7 23 38 40 49
1x 1 7 23 29 34 45
1x 1 7 23 24 33 42
1x 1 7 22 24 32 49
1x 1 7 20 25 33 42
1x 1 7 20 22 32 37
1x 1 7 19 26 31 38
1x 1 7 18 35 37 46
1x 1 7 17 28 44 49
1x 1 7 16 23 25 37
1x 1 7 15 25 32 49
1x 1 7 15 19 22 33
1x 1 7 14 40 41 47
1x 1 7 13 16 37 39
1x 1 7 13 14 20 32
1x 1 7 12 26 35 41
1x 1 7 11 28 39 40
1x 1 7 11 26 27 42
1x 1 7 11 22 30 42
1x 1 7 11 15 31 49
1x 1 7 11 14 29 36
1x 1 7 11 13 15 25
1x 1 7 10 23 25 40
1x 1 7 10 21 23 30
1x 1 6 9 17 20 42
1x 1 6 8 23 37 47
1x 1 6 8 19 26 44
1x 1 6 8 10 43 45
1x 1 6 8 10 21 42
1x 1 6 7 28 29 42
1x 1 6 7 20 45 46
1x 1 6 7 11 20 32
1x 1 6 25 27 35 38
1x 1 6 25 26 33 41
1x 1 6 23 32 42 48
1x 1 6 23 29 32 38
1x 1 6 22 30 31 36
1x 1 6 21 30 31 45
1x 1 6 21 27 31 47
1x 1 6 20 33 45 46
1x 1 6 19 25 43 47
1x 1 6 18 24 29 38
1x 1 6 17 33 34 44
1x 1 6 17 29 32 44
1x 1 6 17 27 29 42
1x 1 6 17 21 24 46
1x 1 6 17 19 29 48
1x 1 6 14 24 40 47
1x 1 6 13 21 30 37
1x 1 6 13 17 42 44
1x 1 6 13 16 30 43
1x 1 6 11 20 32 43
1x 1 6 11 12 16 20
1x 1 6 10 19 22 46
1x 1 5 9 39 45 47
1x 1 5 9 33 41 43
1x 1 5 9 33 35 40
1x 1 5 9 17 37 49
1x 1 5 8 45 46 47
1x 1 5 8 27 36 48
1x 1 5 7 34 42 46
1x 1 5 7 19 22 31
1x 1 5 7 14 41 45
1x 1 5 7 14 22 42
1x 1 5 7 12 13 36
1x 1 5 6 12 29 34
1x 1 5 6 11 17 45
1x 1 5 30 33 35 37
1x 1 5 28 32 35 36
1x 1 5 22 24 27 28
1x 1 5 21 40 41 45
1x 1 5 21 36 37 42
1x 1 5 18 35 45 48
1x 1 5 17 22 26 41
1x 1 5 16 19 24 48
1x 1 5 15 29 33 38
1x 1 5 14 32 42 48
1x 1 5 14 22 36 40
1x 1 5 14 16 18 48
1x 1 5 13 45 47 49
1x 1 5 13 30 41 46
1x 1 5 13 26 37 46
1x 1 5 13 22 26 29
1x 1 5 13 14 31 37
1x 1 5 11 14 33 38
1x 1 5 10 26 31 40
1x 1 4 9 16 41 44
1x 1 4 9 10 38 48
1x 1 4 8 19 31 39
1x 1 4 8 10 35 45
1x 1 4 6 24 33 47
1x 1 4 6 23 24 43
1x 1 4 6 20 24 27
1x 1 4 6 17 25 41
1x 1 4 5 31 35 45
1x 1 4 5 20 39 43
1x 1 4 5 19 28 41
1x 1 4 5 16 19 26
1x 1 4 5 11 24 40
1x 1 4 31 33 35 48
1x 1 4 30 38 40 49
1x 1 4 27 28 43 46
1x 1 4 24 31 32 33
1x 1 4 24 29 34 37
1x 1 4 22 26 33 47
1x 1 4 20 34 39 41
1x 1 4 20 30 43 47
1x 1 4 20 29 33 35
1x 1 4 20 24 25 39
1x 1 4 19 33 38 39
1x 1 4 19 23 31 32
1x 1 4 17 35 37 48
1x 1 4 17 31 33 49
1x 1 4 16 43 46 48
1x 1 4 16 34 35 46
1x 1 4 16 25 31 48
1x 1 4 16 20 31 42
1x 1 4 15 28 30 41
1x 1 4 14 27 30 33
1x 1 4 14 26 44 48
1x 1 4 14 20 33 38
1x 1 4 13 17 27 28
1x 1 4 11 19 35 43
1x 1 4 11 15 25 31
1x 1 37 39 43 44 47
1x 1 33 43 46 48 49
1x 1 30 32 42 45 48
1x 1 3 9 19 42 47
1x 1 3 9 11 13 44
1x 1 3 9 10 14 38
1x 1 3 8 17 23 30
1x 1 3 7 32 41 46
1x 1 3 7 24 34 43
1x 1 3 7 14 40 46
1x 1 3 6 7 18 28
1x 1 3 6 27 40 43
1x 1 3 6 17 34 45
1x 1 3 6 13 19 46
1x 1 3 5 17 27 30
1x 1 3 5 12 15 41
1x 1 3 4 8 12 25
1x 1 3 4 39 41 43
1x 1 3 4 19 24 27
1x 1 3 4 11 19 40
1x 1 3 39 41 45 49
1x 1 3 37 38 42 49
1x 1 3 34 42 47 48
1x 1 3 32 33 46 47
1x 1 3 31 37 40 45
1x 1 3 28 47 48 49
1x 1 3 26 32 38 48
1x 1 3 24 37 38 46
1x 1 3 24 35 40 45
1x 1 3 22 31 37 39
1x 1 3 21 26 38 46
1x 1 3 18 30 31 39
1x 1 3 18 21 39 45
1x 1 3 15 24 38 47
1x 1 3 15 22 24 36
1x 1 3 14 23 25 26
1x 1 3 14 21 22 47
1x 1 3 13 21 24 49
1x 1 3 12 20 33 37
1x 1 3 12 14 27 43
1x 1 3 10 17 24 49
1x 1 3 10 11 25 44
1x 1 3 10 11 18 25
1x 1 29 32 33 40 46
1x 1 29 31 32 41 43
1x 1 28 31 36 38 49
1x 1 27 29 38 44 45
1x 1 26 27 28 29 31
1x 1 25 33 35 37 44
1x 1 25 30 31 42 49
1x 1 25 26 30 39 47
1x 1 25 26 30 39 43
1x 1 25 26 28 34 48
1x 1 25 26 27 40 43
1x 1 24 34 43 46 47
1x 1 24 30 33 39 47
1x 1 24 27 32 38 43
1x 1 24 25 39 40 42
1x 1 24 25 28 29 32
1x 1 23 26 31 36 42
1x 1 23 24 31 36 48
1x 1 23 24 30 37 38
1x 1 23 24 28 30 42
1x 1 23 24 26 30 35
1x 1 22 39 42 43 47
1x 1 22 32 33 37 40
1x 1 22 31 35 40 45
1x 1 22 26 37 39 44
1x 1 22 23 29 39 49
1x 1 21 28 34 42 43
1x 1 21 27 34 35 41
1x 1 21 27 28 36 49
1x 1 21 24 27 45 49
1x 1 21 23 24 36 44
1x 1 21 22 38 45 49
1x 1 21 22 23 30 47
1x 1 20 38 40 41 42
1x 1 20 29 34 38 39
1x 1 20 25 31 32 39
1x 1 20 24 26 27 40
1x 1 20 23 36 41 42
1x 1 2 9 24 26 27
1x 1 2 9 19 27 49
1x 1 2 8 9 25 28
1x 1 2 8 28 38 43
1x 1 2 8 19 26 39
1x 1 2 8 18 24 25
1x 1 2 7 41 44 45
1x 1 2 7 10 11 35
1x 1 2 6 7 35 40
1x 1 2 6 23 38 44
1x 1 2 6 13 30 34
1x 1 2 6 11 22 48
1x 1 2 5 9 30 45
1x 1 2 5 8 25 27
1x 1 2 5 24 31 32
1x 1 2 5 21 36 40
1x 1 2 5 16 31 36
1x 1 2 4 30 38 40
1x 1 2 4 12 25 46
1x 1 2 39 43 47 49
1x 1 2 3 6 26 48
1x 1 2 3 5 47 48
1x 1 2 3 23 42 44
1x 1 2 3 20 47 49
1x 1 2 3 13 21 38
1x 1 2 3 12 15 21
1x 1 2 3 11 26 47
1x 1 2 26 27 33 41
1x 1 2 23 33 34 47
1x 1 2 22 36 41 49
1x 1 2 22 36 41 48
1x 1 2 21 37 40 42
1x 1 2 21 30 36 43
1x 1 2 21 23 30 38
1x 1 2 20 37 39 40
1x 1 2 20 23 32 35
1x 1 2 20 21 29 37
1x 1 2 19 32 42 48
1x 1 2 19 24 25 47
1x 1 2 18 26 43 45
1x 1 2 17 18 22 40
1x 1 2 16 21 31 41
1x 1 2 16 20 22 32
1x 1 2 15 33 43 45
1x 1 2 15 30 33 34
1x 1 2 15 28 32 44
1x 1 2 14 19 27 39
1x 1 2 12 30 40 47
1x 1 2 11 27 41 46
1x 1 2 11 22 26 36
1x 1 2 11 15 36 41
1x 1 2 11 12 31 34
1x 1 2 10 29 30 35
1x 1 2 10 20 26 37
1x 1 2 10 16 30 43
1x 1 19 32 37 39 48
1x 1 19 26 27 32 48
1x 1 19 25 36 40 44
1x 1 19 24 43 44 46
1x 1 19 23 25 28 30
1x 1 18 35 36 47 49
1x 1 18 29 34 46 49
1x 1 18 26 32 39 41
1x 1 18 25 26 46 48
1x 1 18 23 25 44 48
1x 1 18 22 23 37 42
1x 1 18 20 26 27 44
1x 1 18 19 24 26 36
1x 1 17 32 43 44 49
1x 1 17 30 40 41 43
1x 1 17 28 33 46 48
1x 1 17 25 29 37 42
1x 1 17 25 26 41 42
1x 1 17 24 32 42 44
1x 1 17 21 24 39 47
1x 1 17 21 23 28 46
1x 1 17 19 31 34 38
1x 1 16 29 37 38 45
1x 1 16 28 30 34 48
1x 1 16 26 32 35 41
1x 1 16 25 29 33 47
1x 1 16 23 39 44 47
1x 1 16 20 33 36 37
1x 1 16 20 21 32 47
1x 1 16 19 27 37 48
1x 1 16 18 24 28 47
1x 1 15 29 31 32 44
1x 1 15 26 27 28 32
1x 1 15 21 23 24 37
1x 1 15 20 22 23 26
1x 1 15 20 21 22 33
1x 1 15 19 31 32 43
1x 1 15 19 30 40 47
1x 1 15 16 21 24 32
1x 1 15 16 17 27 31
1x 1 14 31 40 42 46
1x 1 14 31 34 39 49
1x 1 14 31 33 36 48
1x 1 14 30 35 37 49
1x 1 14 29 30 41 49
1x 1 14 28 29 43 45
1x 1 14 25 26 38 41
1x 1 14 23 27 30 33
1x 1 14 22 30 36 40
1x 1 14 22 27 30 42
1x 1 14 21 28 43 47
1x 1 14 20 29 45 46
1x 1 14 20 27 46 47
1x 1 14 20 22 40 45
1x 1 14 19 34 35 36
1x 1 14 19 29 32 42
1x 1 14 19 21 23 36
1x 1 14 17 33 38 47
1x 1 14 16 26 35 44
1x 1 14 16 18 48 49
1x 1 14 16 17 19 21
1x 1 13 37 38 42 43
1x 1 13 30 33 37 40
1x 1 13 27 45 46 47
1x 1 13 27 28 31 37
1x 1 13 23 25 32 43
1x 1 13 21 26 43 49
1x 1 13 20 30 34 45
1x 1 13 20 22 40 46
1x 1 13 19 28 47 49
1x 1 13 18 25 28 30
1x 1 13 16 27 33 49
1x 1 13 15 34 40 49
1x 1 12 26 28 31 45
1x 1 12 22 31 39 45
1x 1 12 21 31 36 40
1x 1 12 20 30 38 39
1x 1 12 18 22 46 49
1x 1 12 18 20 27 28
1x 1 12 17 29 40 41
1x 1 12 17 19 20 38
1x 1 12 16 24 32 49
1x 1 12 15 21 29 34
1x 1 12 14 31 32 46
1x 1 12 14 25 26 45
1x 1 12 14 21 29 46
1x 1 12 14 16 21 22
1x 1 12 14 15 34 37
1x 1 12 13 39 40 44
1x 1 12 13 14 33 48
1x 1 11 39 46 48 49
1x 1 11 26 34 35 49
1x 1 11 26 30 33 39
1x 1 11 24 25 31 45
1x 1 11 20 33 35 37
1x 1 11 20 24 26 41
1x 1 11 19 20 24 34
1x 1 11 18 25 26 33
1x 1 11 18 22 26 31
1x 1 11 17 25 42 48
1x 1 11 16 20 31 44
1x 1 11 16 18 20 25
1x 1 11 15 16 20 33
1x 1 11 14 37 38 39
1x 1 11 14 21 45 49
1x 1 11 14 16 36 48
1x 1 11 12 26 42 47
1x 1 11 12 13 42 43
1x 1 10 37 43 44 47
1x 1 10 28 30 34 35
1x 1 10 26 30 31 37
1x 1 10 25 29 44 47
1x 1 10 23 30 38 39
1x 1 10 22 35 37 44
1x 1 10 21 37 39 45
1x 1 10 21 25 35 36
1x 1 10 20 27 37 49
1x 1 10 20 22 26 40
1x 1 10 19 25 31 34
1x 1 10 18 25 27 29
1x 1 10 17 20 29 39
1x 1 10 15 21 26 35
1x 1 10 14 26 45 49
1x 1 10 14 23 45 49
1x 1 10 13 26 38 46
1x 1 10 13 25 27 45
1x 1 10 13 15 35 45
1x 1 10 12 16 22 30
1x 1 10 11 16 36 39
1x 1 10 11 15 38 48
