3 12 13 16 23 41
3 12 18 30 32 49
12 14 23 24 34 36
4 13 23 30 36 44
5 6 31 39 44 49
6 18 22 29 37 44
4 8 12 16 27 44
9 24 26 37 44 46
5 20 21 26 31 47
8 10 22 26 31 37
8 14 26 36 39 42
5 9 34 38 39 42
4 22 27 36 38 46
6 21 22 37 41 42
1 9 16 19 29 49
12 17 23 27 35 40
5 6 18 22 38 43
12 26 35 36 42 43
1 14 23 27 30 33
8 20 26 35 38 42
1 30 32 42 45 48
4 6 17 19 41 47
6 9 20 22 26 28
3 10 24 26 38 49
3 16 18 19 37 42
7 10 22 25 32 43
2 19 25 30 32 39
1 12 14 31 32 46
10 19 21 24 33 35
4 18 34 36 40 47
1 3 39 41 45 49
4 31 32 34 39 43
6 12 22 31 37 42
5 33 35 36 38 43
11 17 33 34 35 36
10 14 16 23 40 46
5 19 25 38 41 46
14 16 18 32 37 43
5 13 21 25 35 44
3 20 42 43 47 48
12 17 19 23 34 48
5 8 10 18 38 48
9 10 17 23 27 35
9 23 25 31 40 46
4 10 11 26 31 47
5 6 14 33 34 40
3 11 16 25 29 36
14 26 31 40 48 49
15 22 27 28 42 47
4 8 17 18 23 42
5 6 9 21 22 31
9 10 24 27 36 39
6 9 29 33 36 44
10 11 12 25 32 42
1 2 22 36 41 48
5 17 29 39 47 49
7 16 19 33 38 39
7 14 29 34 36 49
14 16 28 37 39 40
6 9 16 25 36 44
9 10 15 21 27 47
6 7 11 13 32 43
15 17 20 23 31 35
1 5 13 45 47 49
11 17 23 26 31 38
4 15 16 17 19 20
3 6 7 12 33 47
2 6 9 28 39 49
6 12 30 34 39 43
9 17 18 19 31 49
1 9 15 31 35 42
2 15 16 23 28 43
4 9 11 34 36 45
2 7 18 35 36 45
3 14 24 32 35 44
14 18 22 31 45 48
20 26 27 30 44 47
2 14 18 31 40 48
6 15 18 28 39 44
11 27 35 39 44 45
18 20 23 33 37 43
2 4 22 27 31 41
15 17 21 24 31 40
16 20 28 29 30 44
1 3 24 35 40 45
3 4 14 29 32 37
1 7 8 32 35 47
14 21 30 34 38 44
4 8 10 12 19 25
15 23 31 36 37 46
5 6 11 14 22 26
28 30 34 40 41 44
1 2 3 23 42 44
1 9 20 25 27 34
6 8 17 42 43 48
13 26 29 33 36 39
3 8 14 40 41 48
24 30 31 36 38 42
2 4 7 27 40 47
12 20 21 27 38 40
12 19 24 28 34 37
7 9 10 25 33 35
13 20 21 22 26 42
6 9 11 25 26 31
1 14 29 30 41 49
2 24 27 35 36 42
2 4 9 18 22 23
3 11 26 45 46 49
16 20 24 30 45 46
8 20 22 24 34 49
1 3 14 23 25 26
9 11 26 27 36 46
3 26 32 43 45 47
7 11 18 22 27 39
4 7 22 23 28 33
14 34 36 45 46 47
6 10 15 21 36 44
9 19 22 23 36 37
3 12 14 30 32 34
4 6 7 23 27 41
4 34 38 39 46 48
25 30 37 40 43 45
8 15 21 36 37 45
2 3 12 17 19 26
9 11 21 24 27 48
5 10 11 20 36 49
2 6 8 17 18 35
5 20 22 27 39 43
22 28 30 34 38 46
23 24 29 36 44 49
10 13 16 28 29 47
3 5 22 25 27 49
1 9 21 25 30 38
10 15 31 32 38 48
2 7 25 32 36 38
18 21 26 34 41 49
3 6 8 29 37 38
24 25 30 31 33 43
8 9 32 34 46 48
13 24 30 32 33 46
17 24 26 30 32 37
8 9 10 15 27 36
6 28 31 33 39 46
17 18 19 21 36 49
3 4 29 30 44 49
17 35 41 42 47 48
10 14 18 24 46 48
9 14 22 26 34 36
1 10 17 20 29 39
18 28 35 37 42 45
14 19 21 31 32 45
13 21 37 44 45 47
1 5 9 33 35 40
1 7 13 14 20 32
9 22 27 35 39 46
2 4 8 30 38 44
6 16 19 20 25 33
4 6 45 46 48 49
6 21 30 33 34 36
7 8 13 29 47 49
8 11 12 18 44 46
11 21 22 25 45 47
4 18 19 22 25 49
11 18 19 44 46 49
1 4 13 17 27 28
9 11 13 26 31 48
6 9 15 17 40 45
12 14 19 41 44 49
2 13 27 34 41 46
7 18 28 44 45 46
2 4 6 40 41 43
5 27 28 41 44 47
1 6 25 26 33 41
6 11 13 15 25 33
6 8 11 25 29 33
5 18 29 44 47 49
2 18 21 33 37 46
1 10 11 16 36 39
14 21 29 37 40 48
5 19 26 34 43 49
7 10 16 23 35 49
2 18 19 23 35 39
2 28 33 39 42 48
4 16 20 22 28 46
1 8 14 15 21 40
5 7 30 31 35 46
14 19 22 42 43 44
1 7 27 41 46 49
1 4 5 19 28 41
8 17 22 25 44 49
10 11 21 23 42 44
17 19 28 30 32 41
10 23 24 28 35 42
3 4 21 34 42 43
2 9 18 36 44 49
23 25 29 31 35 46
2 9 13 26 40 46
14 30 31 34 38 48
6 14 24 37 45 48
9 11 26 33 35 36
9 13 15 16 28 31
2 13 19 31 41 42
11 14 16 33 35 36
3 8 9 18 26 29
1 9 15 16 23 44
11 26 31 45 46 48
1 9 22 24 30 32
15 16 17 19 21 29
5 6 17 31 34 39
2 11 19 38 40 45
6 18 19 26 29 39
12 18 25 29 33 37
19 20 31 36 38 45
3 7 23 29 35 37
4 15 23 38 43 47
3 4 5 14 34 49
1 2 20 21 29 37
5 14 20 32 43 45
20 22 25 27 40 42
8 17 25 31 47 48
9 39 40 42 43 48
22 27 28 33 36 41
7 14 15 24 33 49
22 37 42 43 45 48
4 29 30 40 41 49
8 13 20 33 41 48
10 12 22 26 28 45
1 12 14 25 26 45
3 4 12 13 20 24
2 6 25 34 44 48
19 28 32 41 43 46
26 33 43 45 47 48
4 5 19 22 32 42
9 10 22 25 30 47
3 7 15 39 43 47
3 17 36 39 44 48
4 17 25 33 40 42
12 14 22 35 39 45
3 9 28 32 33 41
7 14 22 36 41 46
6 8 14 28 32 36
2 26 28 29 32 39
24 31 32 40 44 48
10 15 24 27 31 34
14 19 24 31 40 41
8 10 13 27 39 49
4 17 21 23 34 49
15 16 21 23 35 43
12 20 22 29 30 49
4 13 22 23 29 44
5 18 25 32 33 38
13 27 34 35 43 48
4 7 14 25 30 38
6 10 11 12 19 43
12 24 28 31 37 39
11 22 27 45 46 48
23 25 32 41 42 46
3 19 22 25 29 45
7 8 17 18 33 48
3 4 12 16 19 31
12 20 24 30 38 45
5 14 22 25 29 38
5 6 18 29 31 48
8 24 35 41 47 49
3 9 10 18 19 24
4 15 20 30 41 47
13 14 19 33 36 42
1 14 20 27 46 47
3 4 5 13 18 22
12 23 24 26 32 34
1 5 8 45 46 47
8 20 36 40 42 47
8 11 15 27 42 49
10 13 20 30 38 39
10 14 16 23 35 37
4 6 15 38 47 49
6 10 18 37 45 47
15 16 18 25 37 43
5 16 32 38 41 42
5 13 15 36 44 49
6 13 18 26 35 36
1 2 8 9 25 28
8 13 21 24 26 28
2 32 34 40 41 48
6 7 9 12 15 40
6 9 32 33 38 40
3 17 20 21 26 31
4 23 27 28 29 38
15 16 17 30 38 40
1 8 19 23 40 46
3 18 22 27 34 39
5 7 18 21 22 43
7 9 21 31 35 45
14 24 41 43 45 48
1 2 11 15 36 41
2 5 25 29 39 47
5 9 21 22 34 47
14 23 28 29 36 40
1 17 25 29 37 42
1 11 18 25 26 33
1 2 19 32 42 48
3 5 15 28 42 43
2 12 35 41 47 49
12 15 25 28 32 43
9 12 23 28 31 38
9 25 31 33 34 48
11 15 17 18 33 44
2 10 15 20 32 35
5 11 13 15 16 29
1 10 20 27 37 49
5 7 10 13 16 18
4 14 23 29 33 36
1 4 31 33 35 48
7 12 14 17 19 44
25 31 40 45 47 48
4 16 22 33 35 40
5 6 9 33 41 44
11 12 18 27 33 49
8 13 14 30 32 44
1 2 20 37 39 40
7 8 16 17 25 27
5 10 23 29 39 47
5 13 21 25 32 49
4 22 31 32 36 42
1 2 9 24 26 27
1 11 20 33 35 37
9 12 19 22 26 27
3 5 33 37 45 47
5 20 37 41 48 49
7 17 25 26 33 44
9 18 23 27 29 40
14 28 31 33 39 42
9 11 29 32 36 38
2 17 19 25 45 48
4 19 21 33 43 45
1 12 14 16 21 22
24 25 27 38 44 45
10 12 26 28 32 35
4 9 10 25 27 32
4 24 37 39 44 46
7 29 35 36 39 42
21 27 34 45 48 49
12 13 17 28 44 47
3 4 10 34 40 47
1 19 26 27 32 48
2 3 11 25 27 35
15 19 22 25 31 33
13 19 23 29 36 38
2 13 23 25 27 34
6 10 15 18 30 48
10 14 17 32 33 36
10 13 15 16 24 46
9 13 28 35 46 47
2 6 11 12 38 40
1 4 14 26 44 48
6 33 35 39 45 47
3 8 17 19 43 48
10 11 23 30 41 44
6 18 26 32 35 48
7 8 12 23 39 44
8 9 14 28 37 47
5 15 21 22 36 39
14 22 34 38 40 48
6 7 13 16 36 48
2 25 30 32 38 49
6 7 9 15 20 25
1 2 11 27 41 46
10 16 24 25 47 49
14 18 19 26 31 41
6 9 10 22 41 46
1 4 11 19 35 43
18 22 28 44 48 49
15 16 17 29 32 42
3 21 37 42 46 47
6 7 15 33 42 47
20 27 32 37 43 48
1 15 21 23 24 37
4 6 16 20 23 30
1 14 25 26 38 41
4 13 19 33 43 46
11 14 30 37 46 48
15 16 18 27 31 36
10 11 13 25 26 30
9 35 42 43 44 46
11 13 15 17 41 45
9 11 22 26 35 39
8 19 26 27 41 47
11 12 21 39 41 44
10 18 25 45 48 49
1 10 18 25 27 29
1 2 6 23 38 44
5 18 25 32 40 45
2 20 27 31 37 49
28 34 36 43 46 48
7 11 17 19 26 36
3 6 20 27 30 35
4 5 10 11 21 34
28 31 34 37 42 46
6 12 20 38 44 49
11 15 27 30 31 39
5 19 22 23 35 38
7 24 35 36 43 47
3 17 19 29 40 46
6 12 22 31 48 49
1 23 24 30 37 38
7 12 19 24 31 32
4 8 28 30 40 44
17 23 30 31 38 48
2 8 19 20 23 37
6 9 11 36 37 45
4 8 22 24 26 38
7 26 30 34 38 40
23 26 30 34 44 48
14 19 21 28 44 46
11 14 17 23 29 45
2 3 11 29 37 46
1 7 11 28 39 40
18 19 32 34 35 43
3 4 12 26 30 32
3 10 11 21 26 43
5 17 23 33 34 38
4 14 18 25 31 38
13 24 28 31 32 40
7 10 17 30 36 40
14 15 27 32 37 45
7 20 22 24 33 37
1 7 9 19 31 36
2 12 16 21 29 37
5 6 9 16 29 36
16 34 38 40 42 43
1 8 21 28 38 42
6 28 32 34 47 48
7 14 17 30 36 43
2 3 11 21 26 46
7 10 18 25 29 32
7 21 22 28 39 47
2 16 21 26 32 47
3 15 23 35 37 44
1 16 26 32 35 41
10 16 17 25 31 43
2 9 10 13 24 39
18 22 25 36 41 47
1 23 24 28 30 42
13 15 25 32 42 48
10 21 23 37 39 41
19 28 38 39 40 46
4 5 9 43 47 49
11 12 19 32 34 48
5 9 33 35 42 48
6 11 13 31 34 43
1 21 22 38 45 49
4 5 9 32 37 45
1 22 23 29 39 49
14 27 33 37 39 48
5 10 11 22 27 37
10 12 13 22 23 49
1 18 35 36 47 49
3 12 24 37 38 46
31 34 37 41 44 48
16 34 36 40 45 47
9 16 34 36 38 41
6 14 23 36 45 46
12 16 20 32 37 45
4 17 31 35 36 40
34 36 38 41 43 45
1 4 6 20 24 27
18 21 32 39 42 43
9 22 26 29 41 42
8 20 25 35 46 47
2 23 34 38 42 46
1 6 17 33 34 44
14 16 18 19 29 39
1 14 22 30 36 40
2 18 21 26 32 41
3 9 23 24 33 38
5 9 22 33 39 46
5 11 17 31 32 40
2 4 8 23 33 45
10 17 28 30 36 49
15 20 29 30 39 46
15 16 21 35 37 47
7 13 23 25 33 43
4 8 10 12 15 35
7 9 17 18 27 47
13 18 24 31 38 46
10 26 29 32 34 42
5 8 13 23 29 49
3 13 33 37 42 47
6 9 28 36 46 49
8 15 18 27 30 35
14 18 27 33 38 42
3 4 19 34 43 49
9 29 33 39 43 45
9 13 16 34 36 37
6 15 27 28 34 46
2 4 16 23 26 30
1 2 3 5 47 48
1 14 22 27 30 42
10 23 31 34 45 49
4 29 31 36 37 49
11 12 21 37 41 47
2 23 27 31 39 45
4 9 11 24 29 31
1 5 15 29 33 38
6 12 15 23 27 47
3 16 20 21 29 32
3 24 37 38 47 49
8 12 17 19 21 25
9 10 17 33 46 47
7 9 15 25 38 46
4 19 20 27 32 40
8 13 17 31 41 44
19 22 31 32 44 48
3 5 12 25 32 48
3 4 6 12 21 43
2 16 17 38 39 44
13 21 35 36 45 46
13 19 21 25 31 37
8 31 37 38 42 43
4 8 15 17 44 48
2 11 17 33 34 38
12 15 22 24 32 34
6 9 22 31 35 36
2 15 24 32 39 44
6 9 18 26 46 48
2 5 18 23 40 47
6 14 35 43 44 46
6 17 20 36 45 48
8 21 24 27 42 44
1 12 13 14 33 48
10 15 32 41 42 48
11 20 23 29 33 48
5 21 25 35 36 48
6 20 24 30 39 47
5 9 10 20 37 46
8 19 28 36 39 40
5 25 30 36 38 49
5 8 29 32 39 47
1 2 8 19 26 39
19 33 34 41 42 46
3 7 18 39 44 47
9 24 29 30 34 45
7 10 16 24 29 44
28 29 30 34 44 46
8 14 19 38 41 43
5 22 27 30 40 44
2 6 21 29 37 39
15 25 26 28 39 41
6 15 20 26 28 30
19 26 36 40 41 42
8 21 34 35 39 43
1 4 8 19 31 39
5 9 20 22 36 49
5 17 30 35 45 49
9 31 36 37 40 45
4 8 23 31 45 48
2 3 6 12 19 22
4 5 20 27 33 45
17 18 21 24 33 34
19 28 33 36 38 46
15 21 28 36 37 42
11 22 39 41 43 49
5 10 12 26 33 47
4 10 12 32 37 41
1 7 23 38 40 49
3 23 24 27 34 40
5 10 30 38 45 47
5 12 18 25 40 48
6 12 21 33 42 43
16 21 27 28 34 49
14 21 24 28 38 48
1 14 16 26 35 44
10 14 16 21 23 45
13 28 31 33 34 35
4 20 28 35 40 44
1 6 13 17 42 44
29 35 37 39 42 44
11 18 25 42 43 46
1 13 16 27 33 49
8 18 22 27 29 45
9 17 30 33 42 43
5 10 11 12 17 41
5 8 29 34 45 49
18 21 38 39 40 41
10 15 16 19 21 32
2 20 33 40 41 43
4 12 18 21 31 32
2 5 6 7 22 47
4 10 17 31 36 44
6 7 18 21 35 39
7 8 11 26 34 42
3 22 25 29 45 47
3 7 12 33 44 49
3 16 22 27 32 42
19 23 27 45 47 49
5 9 19 36 39 42
4 7 21 22 23 44
7 20 27 29 42 48
14 21 24 31 34 48
1 2 18 26 43 45
11 12 22 34 44 48
6 12 16 18 29 49
7 19 23 33 38 42
2 8 18 30 41 44
21 26 29 30 39 49
5 18 20 29 34 43
2 32 35 39 46 49
2 3 18 20 37 42
17 21 30 44 45 49
7 23 37 40 43 48
3 8 16 18 31 43
1 13 20 30 34 45
9 12 19 30 33 49
1 7 22 24 32 49
4 9 10 19 30 43
2 3 30 32 40 41
2 14 21 26 41 45
3 8 9 13 34 38
2 5 13 19 22 23
13 21 22 38 40 48
12 22 25 38 43 44
7 15 16 32 35 36
3 9 15 20 21 36
3 19 26 36 43 45
2 20 35 36 37 49
1 14 19 29 32 42
22 24 28 36 44 45
1 15 20 22 23 26
2 9 13 25 47 48
6 9 11 21 39 40
11 22 29 38 41 42
2 9 19 28 38 46
3 9 10 24 31 48
6 13 17 33 41 46
2 12 20 32 33 43
6 8 21 27 30 36
11 12 18 29 38 39
11 14 26 30 41 44
11 14 15 19 34 49
14 18 29 30 39 43
2 14 16 24 30 47
5 8 19 27 28 40
4 8 10 25 36 39
6 11 23 34 44 48
6 25 37 38 39 42
7 12 17 24 30 38
1 7 10 21 23 30
2 21 22 31 40 44
11 13 22 26 29 43
5 11 15 18 28 41
7 17 23 40 46 49
16 32 35 39 47 48
2 15 16 29 42 46
2 13 31 32 38 47
11 12 26 43 45 46
7 9 10 15 32 33
8 14 15 21 27 39
1 18 26 32 39 41
9 21 29 31 37 43
21 34 40 43 47 48
12 16 19 24 25 39
12 20 33 36 41 46
11 18 20 31 39 43
25 28 41 43 46 47
8 21 24 46 48 49
8 11 17 19 31 41
24 26 27 43 45 46
2 9 11 29 32 35
6 16 22 26 28 47
3 14 28 32 40 49
1 14 31 40 42 46
9 12 25 26 28 45
3 10 17 32 39 42
6 8 33 35 36 40
17 21 34 38 45 47
5 11 14 26 28 29
16 21 22 37 42 49
3 13 19 20 24 35
27 28 30 39 44 47
10 12 17 29 39 40
8 10 21 30 40 43
4 8 9 16 22 25
10 14 18 35 40 45
2 17 19 23 28 41
1 8 12 27 30 41
28 31 36 39 44 48
4 10 32 33 36 41
4 5 30 39 40 48
2 3 8 34 35 38
2 16 17 18 26 37
3 12 16 36 38 39
2 15 20 33 39 40
14 15 35 36 37 40
5 9 10 38 40 49
2 9 10 11 24 35
5 22 24 33 38 42
14 15 19 21 33 38
20 26 27 37 40 45
6 21 29 33 43 45
9 21 36 41 42 48
1 4 15 28 30 41
9 11 32 41 45 49
15 17 27 29 30 41
16 25 27 32 35 46
15 16 31 40 43 47
8 9 19 24 34 43
2 23 34 40 45 49
1 18 25 26 46 48
14 21 25 34 48 49
3 10 13 27 46 48
4 11 12 13 32 48
17 26 29 40 43 47
3 12 22 30 45 49
2 15 18 24 36 48
8 20 25 31 40 47
3 11 17 20 41 46
9 21 22 40 43 45
1 10 20 22 26 40
11 14 32 34 44 46
13 21 26 44 48 49
7 14 24 33 43 49
5 8 22 25 31 49
1 14 17 33 38 47
6 10 23 33 36 40
3 4 15 25 28 49
11 12 33 36 39 40
12 22 26 27 40 41
5 9 18 24 25 38
10 33 39 43 46 48
3 11 15 21 29 37
2 4 6 7 20 39
8 14 17 27 36 45
4 7 12 14 19 36
7 10 19 28 32 38
3 10 15 18 21 46
4 12 18 21 38 42
29 36 37 38 39 49
1 6 23 29 32 38
9 22 34 38 41 45
7 10 31 39 44 45
6 8 13 15 48 49
3 9 12 29 35 49
2 17 24 40 42 43
13 21 22 25 40 43
15 17 21 35 44 45
2 5 16 24 45 48
6 11 35 36 38 44
3 19 24 38 41 44
6 12 19 23 33 46
3 6 14 29 31 49
7 16 32 38 46 48
14 23 24 25 36 38
3 6 7 10 25 28
5 21 22 28 38 44
2 11 14 18 34 46
5 17 28 29 38 39
6 8 24 29 32 49
4 7 12 17 35 36
5 11 12 15 25 48
12 14 18 24 44 48
3 5 14 36 39 43
3 5 6 32 38 39
10 14 26 42 46 48
19 24 33 39 44 46
2 18 30 31 46 47
1 2 9 19 27 49
15 21 23 38 44 49
4 10 13 19 29 30
1 11 14 21 45 49
9 30 35 41 44 48
20 22 25 32 44 49
2 16 22 24 37 40
5 14 18 21 36 41
3 16 17 18 27 49
7 9 12 16 17 48
1 17 32 43 44 49
11 13 17 20 26 49
7 10 24 30 45 48
5 15 24 29 40 46
4 27 29 34 41 46
4 15 17 20 46 47
3 20 22 35 47 49
8 17 20 36 37 40
2 7 34 39 43 44
1 8 26 37 40 47
2 11 18 19 21 38
15 24 32 35 36 40
1 2 21 37 40 42
1 3 6 27 40 43
12 14 16 28 42 49
14 16 23 33 34 41
7 10 14 27 34 42
1 6 21 30 31 45
2 7 8 17 20 26
6 19 40 42 44 48
8 16 26 41 45 48
17 19 23 30 31 40
2 6 13 24 27 38
1 3 4 8 12 25
2 8 30 37 40 49
21 32 34 42 45 49
17 24 26 39 43 49
17 25 26 40 42 46
3 15 36 40 45 48
3 4 20 25 33 42
8 17 18 19 31 41
3 13 20 27 36 41
2 14 30 32 44 46
14 21 26 35 36 37
4 22 37 38 46 48
4 12 16 19 20 43
2 12 18 25 28 39
13 16 21 22 35 40
7 9 25 36 44 46
6 11 16 21 43 46
6 22 34 35 48 49
1 4 5 20 39 43
2 5 17 38 41 44
1 15 16 17 27 31
13 16 19 30 45 46
7 9 21 29 41 49
4 21 34 36 37 41
3 5 9 30 38 42
28 33 46 47 48 49
3 12 28 31 37 40
2 14 16 17 36 39
12 17 18 19 28 35
4 12 25 28 33 49
10 13 26 36 44 47
1 10 19 25 31 34
1 2 8 18 24 25
7 16 32 37 48 49
10 11 22 25 34 37
1 7 20 22 32 37
1 3 6 17 34 45
10 13 21 30 31 41
5 8 11 32 45 46
3 16 22 26 42 48
5 20 28 39 43 45
6 31 34 42 44 49
8 24 26 28 29 43
20 26 30 31 35 36
1 4 16 43 46 48
27 32 41 42 45 47
1 2 39 43 47 49
6 7 10 30 40 49
9 12 19 21 26 47
3 6 14 29 34 42
6 21 22 35 38 48
2 21 31 34 35 41
1 11 39 46 48 49
2 9 22 25 33 44
14 21 28 30 31 38
4 11 19 38 41 48
2 9 21 23 40 41
20 23 27 33 36 41
1 14 19 21 23 36
1 9 15 23 24 41
17 22 26 32 34 43
14 19 23 26 29 33
4 8 14 24 37 39
14 17 18 25 42 47
6 26 27 32 41 49
8 13 25 28 34 39
2 15 17 21 43 45
15 18 19 20 42 49
17 23 31 32 33 40
7 10 11 17 37 48
5 9 16 18 27 29
3 7 19 20 29 47
2 14 27 30 34 36
16 28 29 33 37 42
1 3 4 19 24 27
1 3 6 7 18 28
13 15 27 35 40 46
12 21 28 33 41 42
2 3 12 19 38 40
15 26 29 39 47 49
5 20 23 30 41 48
7 10 16 23 25 29
6 23 41 42 46 47
8 27 30 40 46 49
20 23 37 38 45 46
17 25 34 39 42 43
1 4 5 11 24 40
9 13 24 25 31 44
14 19 28 39 43 49
3 4 16 17 30 38
5 18 19 28 45 46
16 18 23 29 38 47
9 17 21 22 32 33
3 6 11 27 36 42
10 27 35 43 45 46
2 21 29 39 42 47
2 11 12 14 25 40
7 15 18 28 31 42
23 31 36 38 40 49
10 23 25 26 29 49
8 12 19 26 30 49
7 13 15 17 44 46
4 7 8 19 29 41
3 6 17 23 33 35
1 6 9 17 20 42
5 16 24 26 35 48
1 5 13 26 37 46
3 4 13 33 43 48
8 20 32 33 43 49
3 14 19 24 27 31
20 21 34 39 42 49
8 9 13 21 26 29
6 10 20 22 34 39
1 25 26 30 39 43
11 22 28 37 40 43
17 19 25 28 37 48
1 3 34 42 47 48
1 12 26 28 31 45
3 21 22 23 31 46
1 8 18 23 30 38
11 14 25 28 30 46
8 22 25 33 43 48
10 15 18 25 36 48
7 9 18 26 32 40
6 9 17 23 28 46
11 13 16 30 35 48
6 12 26 27 37 38
1 4 6 23 24 43
7 13 18 26 31 39
20 21 24 30 31 46
11 16 22 28 41 49
3 18 20 31 43 49
10 16 17 30 39 42
12 35 36 38 39 44
1 4 5 31 35 45
8 9 25 26 34 45
3 11 21 24 39 46
19 22 37 39 47 49
2 9 18 20 24 40
7 29 34 35 41 45
1 23 24 31 36 48
6 19 34 37 39 46
8 15 25 31 32 33
9 15 20 21 33 40
11 17 20 27 34 45
3 17 19 31 33 49
2 7 11 39 41 48
1 24 25 39 40 42
5 20 30 33 37 43
3 16 21 32 34 39
4 31 32 33 36 39
1 11 24 25 31 45
2 20 21 24 25 32
8 17 22 31 37 38
13 15 22 28 37 48
4 15 21 29 41 44
7 12 14 26 35 44
1 12 20 30 38 39
10 14 17 19 31 32
2 3 25 26 33 46
3 7 8 15 20 41
2 3 8 17 22 49
20 30 32 38 39 40
5 7 8 26 31 40
12 13 17 18 32 45
4 7 20 24 37 47
4 21 22 24 29 48
1 7 32 39 47 49
23 30 41 42 45 47
24 26 27 31 38 45
3 6 12 26 33 45
6 15 19 26 44 45
20 36 37 41 43 48
10 11 28 29 35 48
6 16 38 41 44 48
16 21 22 25 27 36
3 4 16 20 24 39
5 8 20 30 33 49
13 28 30 37 43 49
1 2 5 21 36 40
2 7 22 25 26 35
1 2 26 27 33 41
19 20 27 29 31 39
2 12 16 21 29 45
4 7 10 12 19 42
27 30 31 36 38 47
6 12 21 36 45 47
11 14 17 30 31 44
3 8 15 22 23 27
3 13 24 26 32 37
12 17 31 36 37 39
3 4 6 16 23 46
3 16 24 35 44 49
1 5 22 24 27 28
13 15 21 22 31 33
12 20 31 42 46 48
6 9 35 38 39 45
2 27 29 32 45 47
22 28 29 43 46 48
12 27 28 32 41 42
8 19 22 29 32 40
10 14 22 27 32 49
6 9 14 42 45 48
9 10 17 20 22 47
6 7 22 23 42 46
3 24 28 40 41 45
1 13 37 38 42 43
1 4 14 27 30 33
1 6 23 32 42 48
18 20 26 33 36 47
7 25 27 30 37 47
4 18 28 34 40 49
1 4 14 20 33 38
3 12 19 32 38 49
2 8 20 23 41 49
7 18 21 23 32 42
11 12 15 24 47 49
4 7 9 16 26 29
5 10 13 16 22 31
10 12 19 35 40 45
1 4 19 33 38 39
7 18 27 33 35 37
6 23 25 31 34 40
7 14 23 27 33 36
9 10 11 27 35 46
12 17 25 28 30 43
10 12 31 38 43 49
18 22 31 33 35 45
7 12 24 30 31 39
19 25 26 31 35 38
1 3 9 11 13 44
3 9 25 29 30 38
9 15 17 26 29 42
2 4 13 26 47 49
3 28 36 39 40 48
17 19 28 36 48 49
9 15 25 33 38 49
2 3 17 32 45 46
3 7 27 31 32 43
8 12 27 32 38 39
7 13 16 32 40 46
2 5 18 19 35 42
4 12 14 30 32 44
16 17 26 31 33 40
7 15 18 35 41 44
1 6 8 10 43 45
17 30 32 37 40 47
8 21 27 32 38 40
3 16 27 32 33 34
4 11 12 35 39 44
7 13 16 26 44 46
4 5 16 18 24 44
2 14 19 20 32 43
2 5 8 14 22 36
29 31 35 37 39 46
3 7 23 25 37 44
2 13 25 35 45 46
9 11 21 25 37 44
3 11 16 28 39 49
9 10 29 41 46 47
6 13 22 38 41 45
4 24 29 32 34 43
1 3 7 32 41 46
10 11 13 15 18 30
9 17 20 23 24 31
8 30 32 40 44 48
1 10 13 26 38 46
1 9 12 30 41 45
4 8 26 29 32 43
17 23 25 29 42 44
2 10 11 13 40 41
5 8 12 15 21 48
1 20 23 36 41 42
5 19 21 23 41 46
20 26 29 42 45 48
1 9 10 28 46 49
2 5 22 43 44 45
9 17 18 37 43 48
12 15 17 25 32 41
1 6 20 33 45 46
5 11 13 29 35 47
2 7 23 34 41 47
7 19 20 24 25 35
3 14 15 17 32 47
5 6 12 15 32 33
5 9 12 26 38 46
5 20 25 26 27 41
26 28 31 42 43 44
5 16 21 33 35 40
2 6 16 26 30 39
7 11 19 20 26 37
4 6 8 9 29 43
6 16 17 19 28 30
9 11 12 20 37 49
3 6 11 24 32 40
9 23 28 32 44 46
3 16 37 39 47 48
6 9 19 24 35 39
1 2 23 33 34 47
8 15 22 30 38 40
2 7 16 38 43 47
3 8 10 15 17 30
2 8 11 17 25 45
7 14 25 29 36 49
3 13 18 35 40 43
3 6 29 35 38 47
1 2 15 28 32 44
2 23 25 38 45 46
12 16 25 38 43 44
23 24 25 31 36 39
2 7 13 30 31 33
16 24 38 39 44 46
2 3 12 16 19 38
2 7 9 16 20 40
4 8 9 23 37 42
19 23 24 25 37 43
5 9 10 15 16 31
2 20 34 37 44 49
9 10 34 39 40 49
8 9 10 16 33 46
15 19 21 22 31 49
9 13 14 20 36 44
3 5 17 18 34 47
3 27 29 41 45 49
5 20 25 39 48 49
16 17 26 30 41 43
1 8 12 15 27 34
5 16 17 20 24 35
15 25 31 36 37 41
5 7 9 21 27 36
12 13 22 39 45 48
11 29 30 32 36 48
3 12 14 32 40 46
9 17 18 20 29 40
6 20 32 38 40 41
11 18 20 27 34 47
3 7 19 24 30 36
2 37 39 44 47 49
6 13 22 24 37 42
11 15 24 36 40 42
2 15 28 36 37 42
9 10 20 21 30 34
13 16 19 27 32 37
3 7 9 14 22 35
3 21 24 28 29 36
3 23 25 40 44 48
1 22 32 33 37 40
10 11 12 13 18 32
2 18 27 42 45 47
7 12 24 26 44 45
8 32 36 38 43 47
1 2 3 6 26 48
8 28 31 34 35 49
10 17 19 26 42 43
16 18 29 33 34 48
19 21 35 36 43 47
5 27 30 42 46 47
13 16 23 25 26 47
7 24 27 31 34 44
1 7 12 26 35 41
8 18 23 25 38 42
4 14 15 18 29 44
5 21 29 38 43 47
10 18 25 26 34 36
1 4 17 31 33 49
8 9 18 29 38 46
2 17 25 26 37 43
2 8 14 23 40 41
3 23 25 29 35 36
1 3 4 39 41 43
7 11 34 35 47 49
1 4 9 16 41 44
6 10 20 23 29 45
6 9 13 16 31 45
15 23 25 28 47 48
3 5 9 16 34 41
21 26 32 34 42 43
3 16 26 35 42 46
1 7 18 35 37 46
2 7 8 19 22 30
15 17 30 31 44 45
26 32 33 35 39 43
3 5 24 26 32 48
7 22 33 34 36 45
8 18 23 30 31 48
10 16 26 29 32 43
21 24 28 33 36 43
14 16 32 38 40 44
2 8 14 17 31 41
4 5 6 10 11 28
17 39 44 47 48 49
11 20 23 27 29 49
4 11 23 31 33 45
2 15 16 20 33 34
4 7 17 35 36 42
3 21 26 31 40 46
19 26 36 40 42 43
2 8 14 20 23 38
4 14 15 33 35 38
3 4 5 8 32 49
4 5 15 32 37 42
6 20 26 38 46 49
8 13 22 32 34 35
2 7 11 15 29 30
7 13 16 32 40 43
13 18 31 45 46 49
5 8 21 35 38 40
3 18 23 24 40 43
10 21 22 25 35 49
1 3 22 31 37 39
18 24 35 38 39 47
13 18 19 28 32 46
12 15 21 30 32 48
6 11 27 35 38 46
8 10 37 39 41 43
5 8 9 12 16 45
1 6 11 20 32 43
2 20 26 31 33 38
5 18 23 29 33 48
1 2 14 19 27 39
5 17 19 21 32 47
9 14 23 24 41 42
1 17 24 32 42 44
21 25 39 41 42 43
16 21 27 38 45 49
4 7 8 11 39 42
5 7 9 16 26 43
12 15 16 20 27 45
7 11 21 25 26 41
6 18 23 24 35 45
6 20 33 37 38 41
6 16 30 35 44 45
2 4 10 32 35 46
15 18 32 39 48 49
7 21 23 33 41 45
14 20 30 43 47 48
17 25 30 34 35 41
13 15 17 25 33 34
1 17 30 40 41 43
9 33 37 40 46 47
8 16 18 35 37 43
2 6 7 16 39 44
27 32 43 45 46 48
4 27 29 37 40 48
2 20 24 31 42 48
2 5 9 22 26 30
28 31 43 44 45 49
14 17 20 40 42 48
5 19 24 27 28 38
2 10 12 16 21 40
4 5 7 20 32 37
7 10 21 36 39 42
11 12 15 23 29 44
4 16 17 18 19 42
11 18 22 26 43 45
22 23 24 25 34 38
1 12 17 19 20 38
9 10 14 29 37 48
1 2 22 36 41 49
1 5 14 22 36 40
5 6 11 14 16 26
8 15 28 32 34 40
14 15 20 22 23 28
3 14 26 31 43 45
5 8 16 23 35 46
7 8 9 26 35 48
5 11 16 18 19 35
19 23 28 30 31 49
1 3 18 30 31 39
2 18 25 27 45 49
13 21 26 27 44 47
8 16 17 29 36 37
1 5 30 33 35 37
1 13 21 26 43 49
16 21 28 39 40 48
14 15 35 40 43 46
1 5 9 33 41 43
11 14 19 27 30 33
16 19 27 40 42 43
14 17 32 34 36 41
3 13 15 19 20 21
3 10 11 24 25 41
5 11 13 39 42 49
9 10 18 19 27 47
14 17 21 26 43 46
2 16 21 26 33 36
1 5 11 14 33 38
2 3 17 25 33 48
7 10 28 42 43 45
9 28 41 42 45 47
11 20 25 29 41 47
3 5 10 13 24 44
13 15 16 25 26 32
1 4 11 15 25 31
15 21 28 32 40 43
11 20 29 38 44 49
3 8 34 39 41 47
19 27 29 32 34 46
8 21 22 23 42 43
4 16 17 28 38 42
6 11 14 25 28 35
12 23 25 36 42 47
11 12 19 34 37 41
2 6 12 23 32 43
13 21 22 33 45 48
10 12 29 30 37 46
18 22 28 31 35 49
4 8 17 31 37 48
5 7 8 21 23 40
19 21 22 26 27 32
12 13 15 16 30 36
1 9 16 21 25 44
5 21 26 30 31 45
2 10 25 30 38 41
12 14 36 38 42 49
4 8 18 33 47 49
3 6 8 32 33 40
4 14 16 21 27 43
6 12 19 22 31 40
20 27 29 32 41 45
23 28 29 34 38 46
1 10 21 37 39 45
11 12 24 31 42 48
4 12 31 34 47 48
17 20 22 33 34 45
4 18 33 44 46 48
7 9 20 22 26 29
2 7 30 34 35 42
8 10 11 21 27 48
2 3 9 21 27 31
6 15 18 23 36 47
8 11 17 19 28 33
2 19 27 28 37 39
6 28 37 42 46 49
2 14 26 27 43 47
7 21 23 40 44 49
5 6 18 27 29 32
9 16 25 27 35 39
25 30 35 41 44 48
5 7 22 38 41 49
12 13 18 29 33 45
6 10 15 18 20 29
7 10 23 34 36 43
5 21 26 30 35 47
7 11 29 30 35 48
4 7 9 34 40 44
7 15 23 25 32 46
1 3 37 38 42 49
1 5 14 16 18 48
4 7 9 11 42 48
17 21 23 24 32 35
15 25 30 34 41 42
2 12 14 34 36 48
25 27 28 34 45 49
1 2 15 30 33 34
1 16 20 33 36 37
4 8 30 33 45 48
4 19 21 32 36 42
11 15 18 33 38 48
5 11 17 18 37 40
3 10 37 38 43 49
10 12 17 24 27 32
1 2 10 20 26 37
5 7 20 31 35 46
14 17 25 35 45 46
4 10 15 18 21 31
17 23 28 42 47 48
14 25 30 35 40 44
1 21 22 23 30 47
4 6 11 19 20 49
2 15 21 24 34 37
22 26 28 33 44 46
8 19 21 25 34 48
8 12 26 27 39 45
14 19 23 24 25 31
1 7 14 40 41 47
4 21 28 30 36 39
2 12 16 17 33 49
8 11 24 32 46 47
24 27 28 31 35 36
9 11 25 28 41 48
7 10 14 36 40 48
25 27 38 39 41 47
6 26 32 37 42 48
5 18 21 26 41 42
6 13 23 35 37 39
5 12 22 35 38 42
3 13 17 19 22 40
5 12 18 24 33 39
7 14 18 31 32 38
10 14 17 22 37 38
3 4 10 12 23 33
3 5 11 13 21 27
1 3 12 20 33 37
1 2 6 11 22 48
7 11 13 14 21 35
1 7 13 16 37 39
1 12 14 21 29 46
21 27 28 37 39 44
5 13 26 31 33 38
18 19 21 28 34 38
2 14 38 41 46 49
2 8 17 24 28 37
6 17 21 34 35 39
4 11 16 27 28 41
1 10 28 30 34 35
1 4 16 20 31 42
6 7 21 25 33 48
10 16 26 42 44 48
3 5 20 33 37 47
2 18 34 36 38 44
2 19 25 28 40 47
3 10 15 27 42 45
9 14 22 23 38 44
10 11 20 25 35 47
9 19 20 27 30 39
6 13 28 29 32 48
2 13 17 22 36 45
3 27 30 38 44 46
15 18 27 31 33 35
11 17 24 25 36 46
10 16 20 21 22 44
6 7 9 12 29 48
5 6 16 20 28 41
2 4 24 34 37 42
1 4 9 10 38 48
6 10 19 30 43 47
2 19 38 43 44 47
6 13 17 19 33 44
3 12 22 26 29 39
5 13 17 36 44 48
18 20 26 27 37 39
1 15 29 31 32 44
9 22 34 37 45 48
1 7 11 26 27 42
4 5 15 32 39 46
8 18 35 40 42 46
6 10 12 15 32 44
4 12 30 32 34 39
2 18 33 38 39 47
6 9 21 38 44 49
5 13 20 42 43 44
1 2 20 23 32 35
9 11 17 24 35 43
1 9 15 35 38 44
8 26 36 38 40 46
2 16 21 27 37 48
4 5 31 32 33 48
2 8 14 24 27 34
11 21 26 32 33 44
8 37 39 41 46 48
3 16 27 44 46 48
8 25 38 41 42 49
14 15 31 32 45 47
3 9 18 41 47 49
8 10 29 36 47 49
3 18 19 27 41 47
4 13 17 24 35 37
6 27 31 41 45 46
2 8 25 34 41 49
7 11 13 19 23 30
1 11 15 16 20 33
3 19 20 27 33 47
7 9 12 20 33 46
1 6 13 21 30 37
9 19 21 29 44 46
13 15 24 30 43 47
2 23 27 30 46 48
2 3 11 16 38 40
2 16 17 26 30 33
9 15 33 37 42 49
3 19 20 28 38 43
1 7 8 11 15 36
15 17 31 32 40 47
2 9 17 21 27 45
6 19 22 40 41 46
10 15 23 27 32 33
3 7 16 24 28 46
3 7 12 22 25 31
10 32 36 37 39 44
2 14 15 33 38 49
3 7 19 39 41 46
1 6 22 30 31 36
21 25 28 32 44 45
9 13 28 32 42 47
6 22 24 32 45 47
6 15 17 23 35 44
8 13 14 21 31 43
5 11 29 32 43 48
1 16 20 21 32 47
9 24 26 30 36 37
5 12 18 33 37 47
1 2 6 7 35 40
4 23 24 26 31 47
11 13 17 29 32 38
1 21 27 34 35 41
8 10 23 32 36 43
1 5 7 14 41 45
22 27 36 37 39 47
2 6 22 25 35 36
4 6 10 22 30 43
10 18 26 35 46 48
3 10 20 33 40 47
4 10 14 16 35 46
5 8 16 18 21 47
12 29 31 37 39 45
11 15 19 22 38 49
1 4 6 17 25 41
3 5 11 13 33 42
5 11 22 40 47 48
2 4 28 38 40 43
5 7 21 31 42 48
5 12 14 38 44 48
5 9 12 23 32 46
12 15 29 34 36 47
1 14 20 22 40 45
7 9 16 38 44 49
19 32 33 34 40 49
4 10 13 30 33 42
11 12 19 21 36 49
7 9 10 19 43 45
10 13 17 21 46 48
17 23 33 37 40 42
3 6 36 37 38 49
2 26 29 36 39 49
15 17 18 24 31 44
7 13 17 20 23 43
10 21 27 34 37 40
1 11 14 37 38 39
21 40 41 44 48 49
1 20 29 34 38 39
10 16 17 31 42 43
6 7 15 20 27 34
2 8 11 17 19 39
5 14 23 29 32 33
1 6 14 24 40 47
1 5 13 30 41 46
1 5 7 34 42 46
5 12 22 23 33 37
14 16 17 30 36 48
14 17 42 45 46 47
6 19 22 26 35 36
13 19 22 28 34 40
10 18 20 26 43 46
3 6 13 18 38 39
3 4 11 16 22 32
1 27 29 38 44 45
17 28 32 33 37 49
14 22 24 30 41 45
12 23 28 30 45 47
6 7 16 24 46 48
7 9 29 42 46 49
4 5 8 15 36 39
4 10 11 15 20 25
2 3 10 31 32 42
2 15 16 22 30 35
4 20 26 33 39 40
1 2 21 23 30 38
13 20 22 29 39 46
5 9 11 18 19 48
2 24 26 30 38 42
1 3 13 21 24 49
3 7 18 26 38 43
7 14 33 34 35 45
9 12 19 24 37 38
3 5 7 16 34 48
30 31 37 38 45 48
10 12 15 34 35 49
13 15 19 25 38 43
15 28 38 39 44 46
2 5 9 24 34 42
3 14 19 20 36 46
1 10 11 15 38 48
8 15 31 38 39 48
3 15 22 30 36 48
6 12 23 28 33 48
8 17 19 20 23 29
7 9 17 36 37 44
1 14 30 35 37 49
8 31 32 33 43 46
7 8 10 31 32 38
3 19 28 29 36 41
20 24 27 31 45 48
3 6 33 37 42 43
11 29 30 31 48 49
14 17 29 33 44 48
6 10 18 27 41 48
11 13 24 26 41 42
5 14 17 33 37 43
20 23 28 35 36 42
5 6 18 19 26 44
3 6 29 31 41 45
1 21 24 27 45 49
11 19 24 42 46 47
1 21 23 24 36 44
3 24 33 35 44 49
8 15 33 37 38 49
3 8 14 37 41 42
5 12 22 23 36 49
5 12 18 26 39 42
6 12 15 30 31 49
3 13 14 27 38 39
5 17 18 22 28 47
10 21 27 29 32 49
1 3 31 37 40 45
2 5 6 15 18 27
10 22 23 30 34 40
4 6 18 28 29 45
8 16 22 27 28 29
6 32 33 35 44 47
8 14 17 34 38 43
2 3 28 31 42 49
18 23 26 32 34 45
1 19 32 37 39 48
15 16 31 32 37 49
6 10 14 16 23 28
3 8 13 23 35 38
17 20 27 39 47 49
4 9 20 21 25 35
7 17 22 26 27 35
5 25 30 31 38 41
10 14 19 42 44 46
11 15 17 20 34 41
3 5 8 23 43 48
16 23 26 28 45 46
6 11 12 16 17 27
2 5 6 18 25 29
5 9 14 28 31 33
1 10 13 15 35 45
15 25 27 30 42 48
7 15 21 25 28 34
4 7 10 21 30 40
6 10 24 31 47 49
19 29 31 39 40 45
2 16 27 32 39 46
7 19 38 40 42 49
1 9 10 23 26 37
13 15 30 31 42 44
3 10 24 33 46 47
4 5 20 23 31 43
6 18 29 40 48 49
14 15 28 32 33 34
10 14 22 39 41 49
10 13 18 41 42 43
13 16 18 27 47 49
1 9 14 15 22 49
4 12 27 30 37 44
8 16 18 36 38 45
7 21 22 33 37 39
2 12 14 19 23 30
15 16 19 39 42 47
3 8 11 21 26 45
5 7 12 27 41 44
10 15 22 23 26 36
13 15 16 19 20 27
4 15 20 24 27 40
20 25 26 31 33 40
1 6 17 27 29 42
2 4 14 16 22 23
3 25 33 38 42 43
1 6 7 20 45 46
1 33 43 46 48 49
9 19 23 38 45 49
11 17 21 23 28 31
1 8 22 32 34 40
1 9 25 35 36 46
7 11 27 28 41 47
1 5 21 40 41 45
18 20 24 32 41 43
8 12 19 33 43 45
16 35 42 46 47 48
11 15 17 41 46 49
3 4 7 12 27 33
11 18 19 20 33 48
9 20 37 39 46 48
14 21 22 23 25 42
6 19 23 30 36 45
18 20 23 25 31 38
9 10 11 16 35 44
4 6 17 22 34 42
2 14 16 19 25 41
21 29 31 32 38 46
9 12 18 31 38 41
12 19 22 25 32 45
1 10 26 30 31 37
6 17 36 37 42 44
24 25 26 30 31 32
7 27 37 40 44 49
7 11 14 35 41 45
2 6 19 21 36 45
2 4 11 22 39 44
10 22 27 31 44 45
12 27 33 34 43 47
9 11 18 30 36 46
11 12 14 30 32 39
10 11 28 38 43 47
3 6 19 33 38 43
12 15 22 35 42 49
9 16 26 30 35 42
10 12 33 40 43 44
8 12 15 29 31 40
2 5 19 20 40 47
4 7 22 26 41 46
3 15 19 20 40 41
2 10 23 34 42 44
18 19 20 22 35 40
26 29 31 35 36 41
1 10 37 43 44 47
7 11 26 30 36 47
4 11 19 29 38 39
8 18 19 29 37 42
3 23 28 30 41 45
3 7 12 27 42 46
4 7 25 39 40 49
4 6 23 29 38 41
2 9 14 16 37 44
22 26 36 43 47 48
9 17 21 22 28 32
1 3 8 17 23 30
5 14 15 20 28 45
19 20 22 34 38 43
3 21 23 25 27 47
5 8 11 19 28 34
3 8 9 13 15 39
4 14 21 32 43 49
4 9 24 29 30 41
12 20 27 34 36 47
10 15 17 21 34 38
22 26 27 29 33 37
5 24 29 32 37 44
10 11 20 24 28 46
9 11 31 42 45 47
9 15 26 29 38 42
34 35 39 47 48 49
1 4 16 25 31 48
8 12 24 33 41 49
2 6 13 26 32 45
6 7 12 23 35 36
12 13 16 17 26 40
1 5 9 17 37 49
11 19 25 27 37 43
14 36 40 41 43 44
1 16 29 37 38 45
9 12 16 21 41 42
14 17 18 33 35 41
19 20 42 43 44 49
5 6 7 10 22 38
19 37 38 39 44 48
10 18 28 32 35 38
6 12 24 31 43 48
2 3 7 33 41 42
4 9 16 22 31 34
5 7 19 22 42 48
4 11 12 16 25 43
5 17 18 24 26 41
5 6 9 35 36 47
4 8 17 21 25 29
7 17 19 22 23 27
6 8 10 16 21 34
4 8 12 32 40 41
4 14 16 38 42 46
4 16 19 21 24 44
2 3 4 7 25 36
5 15 17 24 38 49
12 13 26 28 31 43
2 3 12 15 30 32
9 11 20 38 42 47
8 11 16 17 37 47
11 13 14 18 27 29
1 13 20 22 40 46
2 19 21 25 26 39
13 26 39 42 46 47
9 21 23 38 43 47
6 7 12 32 39 45
4 10 17 28 29 35
2 4 8 23 40 49
3 5 9 27 35 37
4 8 13 20 21 36
3 21 24 25 32 34
9 27 32 37 44 47
4 20 26 29 32 48
2 3 27 32 33 36
5 7 8 21 42 46
19 23 27 46 47 48
2 15 24 33 37 46
3 18 26 28 31 33
7 9 23 28 38 39
2 15 16 44 46 49
12 30 44 45 46 48
6 12 15 33 37 42
1 8 17 18 40 42
6 9 10 12 37 42
20 29 35 42 46 48
10 20 21 38 46 49
1 7 15 25 32 49
8 12 14 17 27 46
4 11 17 42 43 45
4 12 21 24 29 39
4 7 34 36 46 48
8 14 33 38 43 49
3 6 7 9 10 32
3 12 26 31 42 49
4 9 23 24 28 34
3 13 18 25 26 38
5 17 19 20 43 47
7 8 20 23 35 42
3 4 19 21 29 41
3 6 14 25 40 41
1 12 18 22 46 49
1 11 26 34 35 49
3 9 28 32 36 37
6 17 18 26 35 39
1 19 25 36 40 44
2 4 5 27 28 35
4 10 20 42 43 48
2 10 18 22 34 37
20 24 27 34 43 47
3 23 24 28 37 49
10 12 14 25 29 30
5 7 21 25 29 36
1 4 17 35 37 48
16 17 33 35 40 41
9 11 20 24 34 39
7 9 19 22 29 35
2 21 24 26 32 42
2 3 17 21 38 46
16 22 31 37 46 47
1 7 27 31 32 41
9 11 13 22 40 46
15 24 25 34 43 46
5 11 19 23 25 26
3 25 27 33 42 49
3 12 18 24 37 42
14 15 17 25 34 49
15 24 30 32 43 46
2 6 18 33 36 47
6 13 18 34 42 49
7 8 26 37 40 43
3 19 24 25 37 40
5 13 18 29 32 35
5 8 17 23 40 47
2 15 22 37 39 41
2 5 6 8 10 16
9 19 26 34 43 47
5 15 33 43 48 49
4 8 31 34 38 49
5 11 37 38 42 44
5 6 15 19 30 33
2 4 6 33 36 40
13 16 21 22 27 43
3 5 20 24 36 49
18 24 31 37 43 49
4 5 20 42 47 49
11 20 26 27 38 49
10 23 26 31 33 47
10 12 17 37 38 49
14 24 34 35 43 46
19 21 30 35 36 43
7 10 22 28 31 44
4 16 21 22 36 46
1 20 38 40 41 42
7 9 11 13 32 40
4 16 22 28 30 36
1 25 26 28 34 48
3 21 32 39 42 48
4 5 24 27 42 47
3 5 10 13 38 41
1 15 19 31 32 43
1 4 22 26 33 47
5 12 37 39 41 46
2 27 31 38 40 48
7 10 22 23 25 41
7 8 10 29 39 47
7 26 31 32 36 41
7 9 28 32 38 40
32 34 44 45 48 49
24 32 33 35 37 40
9 17 18 19 40 46
3 12 18 23 35 43
12 16 17 23 31 36
8 9 13 14 21 41
4 24 33 34 38 39
2 4 8 17 25 41
4 18 23 24 32 45
2 9 14 18 21 26
2 8 29 31 32 43
3 9 11 26 36 40
6 12 15 16 28 48
6 16 17 41 42 49
1 37 39 43 44 47
8 12 30 32 45 49
17 35 36 43 45 46
11 16 18 27 32 39
1 3 18 21 39 45
4 9 14 31 32 48
20 22 31 40 41 47
14 16 22 30 35 47
6 16 25 37 40 41
4 17 32 35 41 48
3 4 11 39 40 46
11 13 19 25 27 30
9 15 28 31 42 43
2 16 18 36 45 46
14 19 20 21 35 47
1 5 21 36 37 42
1 3 5 17 27 30
11 14 29 31 37 49
10 24 31 40 41 49
4 5 15 22 25 39
2 5 22 29 39 46
3 4 15 19 32 41
1 7 17 28 44 49
9 21 26 29 36 38
8 19 21 32 33 36
6 11 24 26 29 36
2 17 23 35 43 46
2 27 28 41 44 46
3 14 15 19 24 42
12 16 28 32 35 39
1 5 16 19 24 48
8 20 25 30 36 37
1 5 18 35 45 48
6 10 15 17 25 41
5 9 10 25 26 45
11 12 14 35 37 43
5 32 36 39 40 45
10 12 25 41 47 49
8 12 30 32 35 38
14 15 19 20 25 33
3 5 24 35 42 46
12 13 18 19 28 37
7 8 18 19 32 49
11 12 22 33 41 42
16 24 26 28 39 45
5 7 16 18 22 45
5 14 24 34 46 48
12 15 19 27 28 48
17 18 19 34 46 48
3 15 28 33 38 43
7 18 34 38 40 49
4 5 12 17 28 45
5 9 12 19 21 28
5 8 10 11 18 31
2 7 15 17 39 43
1 15 16 21 24 32
1 7 11 22 30 42
1 3 10 11 18 25
2 14 18 21 29 45
8 9 15 18 30 42
4 6 20 25 32 42
6 11 18 19 24 39
9 10 23 24 36 49
4 7 9 14 22 38
6 12 17 18 30 32
7 10 34 37 40 41
10 12 21 34 44 49
4 6 8 10 15 31
9 16 22 26 44 46
5 24 28 30 44 49
18 22 23 27 32 36
15 17 18 26 34 49
1 2 6 13 30 34
9 12 21 31 37 44
8 22 26 30 31 48
1 6 7 28 29 42
14 24 26 29 30 40
5 20 25 33 41 43
10 18 22 34 35 43
7 8 24 30 33 37
6 8 11 14 41 49
3 18 27 29 32 36
15 17 26 27 40 41
4 11 13 15 46 47
6 18 25 32 41 46
2 3 6 21 22 44
13 17 20 25 41 46
15 17 20 35 38 44
6 8 9 29 31 44
5 14 20 26 30 41
2 14 19 25 26 39
1 8 26 27 29 44
5 14 22 23 37 47
12 24 32 36 40 42
6 25 27 30 34 39
5 27 34 35 37 49
6 12 14 20 34 46
12 25 31 36 45 47
1 12 18 20 27 28
19 29 39 42 48 49
1 3 21 26 38 46
4 10 21 31 35 37
2 5 6 8 22 24
9 24 26 29 39 49
9 27 30 33 36 48
2 18 30 36 39 47
18 22 29 32 34 44
5 15 38 41 42 49
10 13 19 32 35 43
13 22 32 39 41 43
3 13 17 30 37 44
10 20 28 37 46 48
5 10 18 21 29 34
2 16 17 34 39 40
2 12 15 24 31 39
7 9 31 39 44 48
4 7 11 32 46 49
7 19 29 37 42 46
11 14 24 32 36 42
4 25 27 33 40 44
19 21 32 37 48 49
3 9 25 37 39 47
1 6 17 21 24 46
11 16 17 35 41 44
2 14 17 29 36 44
6 8 16 20 33 47
4 8 11 17 38 39
6 17 26 39 44 47
2 16 19 38 46 49
15 25 27 32 46 48
4 9 16 29 39 49
13 20 26 42 44 45
1 2 10 29 30 35
3 8 22 25 35 49
17 18 25 27 28 36
2 15 22 24 28 35
5 7 20 40 45 48
18 20 35 40 42 49
7 20 27 39 42 44
3 16 17 26 40 43
4 27 33 36 40 41
5 8 9 10 24 38
5 16 17 24 30 42
3 18 34 37 42 45
14 15 27 37 41 48
6 7 16 23 44 47
1 8 9 28 32 38
3 12 35 36 44 48
5 7 18 22 38 41
19 22 27 31 45 46
7 13 15 23 29 33
6 9 22 24 30 33
19 29 31 36 41 48
3 4 6 18 46 47
3 10 13 14 23 28
3 23 27 32 36 48
2 3 5 8 13 43
19 24 35 36 37 38
1 6 13 16 30 43
7 15 26 32 37 41
2 12 19 41 47 48
8 23 28 40 42 45
12 18 21 27 41 44
17 33 37 39 45 49
2 4 6 8 31 44
11 13 35 38 41 42
1 9 12 24 31 38
3 6 26 34 37 47
27 36 37 41 47 49
4 18 21 25 26 31
7 8 13 32 33 43
5 10 13 28 32 43
4 11 20 32 33 48
13 15 24 32 36 49
10 23 26 33 38 45
20 22 25 26 33 37
4 13 21 25 26 31
2 18 27 31 38 39
1 16 28 30 34 48
6 12 16 20 39 41
1 13 18 25 28 30
10 11 26 29 32 45
3 18 20 21 30 40
11 14 25 40 42 48
3 7 28 30 33 37
2 23 28 29 44 47
9 10 21 22 24 44
3 5 25 34 44 46
12 13 16 26 32 47
11 12 39 41 43 45
5 9 17 23 36 47
13 20 26 44 48 49
4 23 32 36 42 49
13 17 20 27 33 48
6 11 25 32 37 42
7 16 23 37 41 42
19 21 29 37 40 43
20 24 27 28 38 40
6 11 14 15 25 46
3 9 10 18 37 39
3 5 21 31 42 47
10 15 32 36 37 39
2 11 13 20 36 40
18 23 29 33 37 44
15 21 24 33 38 39
1 13 23 25 32 43
32 39 42 44 48 49
2 16 25 26 37 39
2 9 12 15 38 39
13 21 28 33 39 47
6 7 20 35 44 47
8 21 24 32 43 49
3 6 14 19 22 32
3 7 20 26 29 42
8 9 17 25 42 43
3 10 21 33 36 49
5 13 20 25 38 40
26 34 36 41 47 48
1 4 20 30 43 47
4 23 29 31 37 43
3 9 20 34 35 38
3 14 18 19 24 38
12 15 17 25 35 36
7 24 25 31 35 46
2 8 12 20 35 45
19 24 30 41 43 44
7 9 10 11 18 23
3 11 13 28 32 36
2 25 27 28 38 42
6 10 11 21 42 48
4 6 18 39 41 49
6 17 29 35 44 48
6 18 21 27 28 36
8 23 27 29 43 47
8 12 16 20 28 41
15 30 32 33 36 37
11 12 17 23 34 41
1 2 3 11 26 47
9 11 15 18 33 46
10 28 33 37 40 41
13 18 33 45 47 48
2 6 13 26 32 34
2 23 37 39 43 45
2 17 19 23 38 47
3 5 17 37 47 49
1 18 29 34 46 49
8 29 30 34 35 39
8 14 16 29 30 45
3 7 14 16 43 45
5 8 15 40 44 49
2 7 16 24 43 48
1 3 7 24 34 43
4 17 23 24 35 37
6 10 22 24 25 32
3 20 21 24 35 42
9 10 20 32 36 47
4 7 16 18 28 48
2 20 21 23 26 36
20 23 36 38 39 44
4 5 24 30 32 39
2 8 10 14 27 42
6 22 33 35 41 44
10 11 13 32 39 49
4 18 32 44 46 49
6 10 31 44 46 48
3 28 29 33 35 40
10 19 28 36 44 47
1 7 11 14 29 36
10 22 24 26 31 39
5 10 15 26 33 49
16 27 30 34 38 47
2 8 15 27 30 39
5 7 13 20 22 44
3 9 31 43 46 49
2 7 8 27 31 41
6 8 11 15 31 32
18 23 26 28 44 49
26 27 33 38 40 46
7 13 18 22 26 36
2 24 25 26 41 46
9 14 24 27 33 36
3 13 14 15 21 31
1 8 11 19 47 49
3 4 29 35 38 49
6 8 14 23 26 46
2 10 15 26 32 37
4 9 14 41 45 47
9 16 17 29 37 44
2 15 18 27 29 43
4 13 27 29 30 47
3 14 23 26 36 46
6 15 29 30 38 47
8 10 11 18 23 45
4 6 15 25 35 49
3 8 21 26 33 42
10 12 16 30 39 42
14 39 40 43 45 48
6 11 24 27 31 45
8 13 18 29 35 49
6 7 15 24 44 47
10 16 35 36 37 44
6 12 16 36 37 48
11 15 16 34 40 43
9 13 23 27 38 40
5 6 29 30 32 45
2 10 25 29 30 42
16 21 31 46 47 48
4 9 18 28 33 49
1 15 26 27 28 32
7 10 11 12 35 43
10 33 36 39 47 48
1 11 14 16 36 48
1 13 15 34 40 49
3 9 22 23 40 41
14 19 34 35 39 42
4 12 17 41 42 47
12 15 16 20 29 45
2 19 29 36 43 49
15 30 31 32 41 48
14 22 25 35 44 48
5 6 17 23 27 47
12 36 40 42 44 48
10 11 17 32 36 49
2 13 29 37 47 49
24 33 36 44 45 49
12 18 23 25 40 44
1 12 22 31 39 45
5 9 16 38 40 41
2 8 10 11 22 35
3 17 39 41 42 48
8 23 31 33 35 39
3 11 24 45 46 49
8 33 38 44 47 49
18 32 34 38 40 48
1 3 14 21 22 47
5 15 22 36 37 43
11 13 22 27 33 48
4 9 15 22 38 45
5 15 21 32 34 35
6 8 14 20 27 34
19 27 29 31 38 44
1 6 11 12 16 20
14 16 23 25 30 36
2 10 14 38 41 49
2 19 30 31 37 42
9 13 14 34 38 49
3 20 21 38 39 43
7 11 15 22 37 39
6 19 20 30 46 48
5 24 36 38 40 47
3 7 11 26 42 43
8 15 32 41 45 48
9 28 29 38 46 49
9 20 26 27 32 48
1 5 7 12 13 36
18 23 29 32 40 44
4 27 29 31 39 41
1 5 28 32 35 36
1 7 19 26 31 38
2 5 6 24 26 44
1 4 19 23 31 32
7 25 27 32 33 41
2 11 21 31 36 41
10 17 28 33 34 38
9 22 31 35 43 48
7 10 17 25 28 41
7 14 19 29 32 33
19 20 24 29 43 45
4 12 19 27 41 45
4 6 11 17 20 48
18 26 30 32 40 46
10 15 25 27 32 46
4 5 18 20 22 41
13 29 37 38 45 48
3 29 35 38 43 49
1 9 13 23 46 48
12 15 20 22 26 32
3 18 27 38 44 49
1 11 19 20 24 34
12 15 25 29 30 44
1 8 18 29 32 38
2 11 20 29 35 46
2 3 4 5 6 26
6 7 36 39 42 46
4 18 25 29 34 36
9 12 13 24 26 48
3 16 17 23 39 47
11 28 40 42 46 49
14 18 33 35 39 41
1 11 12 13 42 43
5 19 21 31 43 48
12 13 24 25 41 42
12 30 31 34 35 49
1 14 16 18 48 49
6 15 23 24 25 32
3 5 15 30 38 44
3 11 22 36 43 44
27 28 31 34 35 49
3 16 21 29 33 44
9 20 21 27 33 42
19 22 33 40 42 49
4 9 20 23 24 41
1 14 21 28 43 47
17 19 24 30 34 35
1 14 19 34 35 36
21 24 28 35 44 45
12 18 22 25 29 42
10 19 27 35 42 45
6 17 19 20 29 44
3 4 7 12 30 42
3 5 22 27 34 35
1 10 14 23 45 49
5 7 12 25 34 49
14 19 23 27 30 47
1 7 8 9 24 41
2 5 24 37 43 48
4 19 28 43 44 46
6 7 19 22 46 47
2 6 17 20 25 38
5 18 23 24 30 33
1 2 12 30 40 47
4 6 20 29 31 37
22 31 32 33 35 38
10 15 25 28 30 40
19 21 30 34 41 45
12 23 26 27 31 43
4 11 20 24 33 48
9 10 15 17 20 40
3 5 11 27 32 36
5 13 14 22 29 32
7 12 26 42 44 49
2 4 5 8 29 42
20 33 36 38 39 43
1 11 17 25 42 48
5 16 22 41 44 45
1 7 11 13 15 25
15 16 21 25 32 33
7 14 30 36 38 39
4 9 16 34 38 40
5 6 25 29 37 43
19 31 32 36 40 49
9 16 26 29 35 40
9 21 25 27 39 40
1 25 33 35 37 44
24 28 32 40 46 49
6 13 28 29 42 43
16 18 24 29 36 44
2 8 11 15 17 35
3 9 24 28 31 38
2 9 14 38 40 44
5 13 27 28 32 33
16 18 21 26 32 47
16 19 26 32 38 39
1 20 25 31 32 39
1 4 27 28 43 46
22 23 25 32 35 36
16 29 39 40 41 47
4 10 18 20 25 43
9 18 26 35 39 45
1 2 7 10 11 35
1 3 26 32 38 48
2 26 37 38 39 47
10 21 24 30 32 33
5 11 13 29 35 49
17 22 37 43 46 48
24 26 27 39 41 49
1 6 8 23 37 47
4 10 14 37 43 48
4 32 42 43 45 46
8 9 29 30 33 43
4 11 15 26 33 40
5 15 17 23 26 37
11 24 27 31 40 48
6 7 24 26 35 38
11 13 18 20 28 33
11 13 24 27 41 48
2 5 7 17 27 47
13 19 21 34 36 46
8 12 17 26 37 42
3 4 15 24 27 28
4 6 28 31 37 46
11 12 20 43 45 49
1 3 28 47 48 49
6 7 9 18 38 46
2 12 13 38 40 43
14 16 19 24 30 33
3 12 15 28 35 37
1 5 10 26 31 40
32 34 39 41 42 44
2 25 26 31 34 48
12 13 16 21 33 49
4 5 10 22 25 26
4 21 23 29 47 48
16 23 30 33 38 49
9 34 41 42 43 46
1 6 17 29 32 44
10 15 21 25 38 48
22 26 32 38 39 45
5 25 33 41 44 49
11 22 26 28 45 49
9 11 30 36 45 49
14 19 24 25 31 41
2 10 14 15 28 44
4 12 21 22 24 31
3 9 33 36 37 38
4 12 24 28 33 36
2 9 11 21 24 42
1 6 17 19 29 48
2 7 18 25 27 48
9 13 20 26 31 42
3 7 14 33 35 38
2 12 14 24 31 44
29 36 41 42 44 49
4 16 17 26 30 36
1 7 28 29 31 46
2 16 19 23 33 35
1 9 10 11 15 34
13 15 31 40 44 46
2 8 13 22 42 43
16 26 27 35 47 48
8 13 23 34 35 39
8 9 26 34 42 47
2 6 15 31 48 49
6 15 17 20 34 41
4 17 22 25 32 36
1 2 5 8 25 27
6 18 29 35 40 42
13 17 20 24 27 47
6 12 14 16 27 43
2 17 31 34 37 43
11 22 37 39 40 42
1 8 12 27 39 45
6 18 22 23 31 38
11 12 31 34 44 45
21 25 33 37 38 44
6 12 13 32 37 39
2 6 18 22 23 27
9 30 32 34 41 48
6 10 17 29 35 47
10 17 20 22 40 41
2 14 22 24 28 34
10 11 23 31 35 47
6 7 12 26 29 44
3 11 25 35 36 48
2 15 28 30 32 41
6 16 22 28 34 35
1 6 25 27 35 38
1 9 25 33 38 44
2 4 6 12 28 40
4 18 23 26 43 44
12 19 26 27 33 38
4 10 23 24 25 30
12 28 32 33 36 48
1 17 21 23 28 46
8 20 23 27 28 41
11 17 20 33 43 49
6 9 25 30 41 42
7 33 37 41 47 49
2 9 10 15 25 38
7 23 34 35 37 42
3 8 11 37 40 42
4 26 27 32 40 48
4 18 22 23 27 37
11 18 23 26 36 38
3 5 7 24 26 42
3 4 7 10 17 22
2 14 15 16 20 26
2 3 15 22 27 42
1 2 4 30 38 40
14 25 34 43 44 46
7 20 26 30 40 42
7 22 25 36 37 48
2 10 33 37 40 41
3 5 18 25 46 48
1 4 20 29 33 35
1 15 19 30 40 47
19 27 31 39 40 44
1 19 24 43 44 46
12 18 25 47 48 49
2 22 23 28 40 49
2 8 11 44 46 48
13 21 25 34 35 46
12 24 27 29 43 49
4 24 37 39 43 47
3 11 13 25 30 37
19 22 25 26 28 42
2 8 16 20 42 46
21 31 32 34 38 46
1 11 12 26 42 47
7 13 29 39 42 46
3 18 27 31 36 47
6 18 25 33 34 45
7 10 21 31 41 45
1 5 6 11 17 45
1 8 9 29 33 48
2 11 22 25 38 40
7 22 23 38 47 49
4 17 25 32 37 45
4 20 28 30 47 49
7 11 22 25 33 44
4 5 38 40 43 44
30 31 32 33 37 43
2 7 25 27 39 44
4 9 13 35 40 44
10 15 17 18 47 48
1 5 8 27 36 48
4 8 37 38 43 44
8 13 16 20 33 37
5 7 17 23 24 46
9 13 16 18 38 41
9 18 27 29 33 36
3 4 13 34 43 47
6 7 11 39 42 49
4 15 42 43 46 48
1 6 8 10 21 42
1 8 11 22 26 42
32 34 38 39 47 49
4 35 36 38 43 46
14 16 29 40 43 46
13 23 26 27 34 46
9 15 34 38 43 44
4 8 21 25 33 41
1 5 7 19 22 31
1 5 7 14 22 42
3 7 11 18 36 48
16 25 28 41 44 47
6 11 28 34 38 46
17 23 29 36 41 43
5 16 23 36 37 39
13 14 30 37 41 42
7 8 10 18 27 49
11 21 32 41 42 46
5 6 25 29 30 44
7 9 12 13 14 49
6 13 16 19 39 45
4 17 25 40 47 48
1 2 21 30 36 43
14 21 26 27 28 39
3 11 24 31 34 36
11 12 18 19 41 42
8 10 26 39 40 41
4 12 16 26 34 40
5 7 18 26 27 44
4 9 14 38 41 45
9 10 13 26 31 34
1 11 18 22 26 31
4 5 7 20 29 44
9 15 22 26 34 41
3 16 19 25 27 34
13 22 34 36 37 44
21 35 39 40 41 43
27 29 34 38 41 44
16 17 18 19 29 37
12 23 24 25 28 45
8 20 23 27 30 39
20 24 25 37 39 49
8 11 14 36 37 48
3 4 7 25 36 38
6 10 12 28 29 40
4 18 21 27 38 46
1 11 26 30 33 39
7 19 31 34 37 42
6 7 12 16 17 35
9 11 21 25 37 40
1 21 28 34 42 43
1 5 13 14 31 37
15 16 30 34 41 43
7 25 30 31 34 49
5 7 17 30 34 44
21 23 29 33 43 44
1 24 27 32 38 43
6 8 19 26 34 47
3 7 13 14 24 44
22 24 26 31 40 49
12 16 32 34 43 44
18 21 23 32 39 44
7 9 10 11 43 47
3 6 9 26 30 46
6 8 9 24 34 40
9 11 23 32 33 39
3 6 13 17 22 38
24 30 36 37 44 48
11 12 19 22 41 48
6 14 17 25 34 49
13 17 24 27 35 42
11 14 36 41 42 45
6 17 18 19 24 44
2 27 30 31 32 37
9 12 32 38 43 48
3 5 29 37 42 49
6 17 35 39 41 49
2 14 19 27 40 44
6 9 13 18 37 47
24 27 30 33 35 47
20 36 38 43 44 47
8 11 12 23 35 47
8 25 32 33 38 48
10 31 33 35 41 42
4 6 12 18 24 30
19 23 24 34 40 43
8 22 23 31 35 49
10 11 14 17 19 39
10 14 18 30 40 45
4 20 26 36 43 49
12 14 17 39 45 46
6 7 19 33 34 37
7 13 33 42 46 47
9 16 20 23 33 37
17 28 36 44 45 47
15 16 25 32 37 44
14 16 18 22 43 46
1 14 16 17 19 21
1 3 9 19 42 47
5 11 17 20 39 48
13 14 27 32 34 40
4 5 8 34 35 42
3 4 10 16 31 46
5 6 9 14 25 46
8 17 24 26 31 45
17 22 23 26 30 45
5 14 23 32 41 48
9 12 13 25 29 33
7 9 11 13 20 38
15 25 28 38 40 45
1 10 22 35 37 44
10 19 28 29 33 35
3 14 15 28 33 46
8 20 31 39 40 46
12 21 24 26 29 38
3 11 32 34 36 43
2 34 37 38 41 44
6 20 22 31 38 49
2 5 21 23 38 48
10 12 13 24 37 41
17 19 23 26 34 47
5 10 11 27 39 48
9 13 14 16 28 47
1 14 20 29 45 46
2 8 10 39 45 46
2 7 9 36 42 46
4 5 21 25 28 47
5 10 15 23 29 33
15 18 24 28 30 44
2 15 17 41 42 49
6 7 18 31 36 37
8 17 37 39 40 45
1 2 3 12 15 21
7 17 25 35 38 45
1 2 11 12 31 34
3 6 9 18 27 48
4 12 14 17 38 45
24 38 42 44 45 48
2 6 7 15 31 34
5 8 19 23 35 48
7 19 25 33 42 49
4 5 9 16 18 43
4 8 15 16 18 26
17 19 20 35 40 48
11 18 19 22 25 42
3 13 23 34 35 48
3 11 26 27 34 47
17 20 22 25 43 46
7 17 35 39 40 44
5 9 14 18 32 38
11 16 19 25 30 49
8 15 16 34 40 46
7 28 31 33 35 47
1 4 24 31 32 33
4 15 32 35 37 41
1 6 8 19 26 44
24 25 27 35 38 49
9 11 20 25 43 47
4 18 21 22 32 43
8 10 13 27 32 48
16 27 31 41 44 47
10 14 25 36 41 46
4 19 22 33 36 38
5 10 18 27 32 39
5 8 25 31 37 39
5 26 27 28 29 37
4 8 28 31 48 49
9 16 18 41 47 48
20 24 33 35 41 43
1 9 15 24 30 43
5 11 26 29 30 44
5 11 14 20 39 40
2 24 30 31 37 43
4 6 9 14 27 31
7 17 24 35 36 40
4 6 22 31 39 47
5 15 16 37 41 48
10 12 24 44 45 49
9 13 14 33 42 45
5 17 19 21 23 28
20 28 34 35 40 49
5 22 29 30 33 49
9 12 14 20 26 48
15 17 18 27 33 38
16 22 30 32 48 49
1 2 16 21 31 41
14 17 20 23 26 28
4 17 27 28 34 39
23 25 32 35 37 46
20 27 30 40 46 48
5 9 14 28 38 49
5 11 13 21 28 49
1 6 18 24 29 38
20 22 29 44 46 49
1 3 24 37 38 46
4 8 17 38 40 47
6 20 21 28 32 48
1 12 15 21 29 34
3 10 16 24 27 32
3 8 9 11 31 44
26 28 30 40 47 49
13 20 22 23 25 35
1 2 10 16 30 43
4 6 10 33 34 45
3 5 25 43 47 49
4 12 13 38 43 47
18 24 26 29 32 33
1 3 32 33 46 47
1 13 30 33 37 40
25 29 34 43 45 48
8 9 22 27 29 49
6 12 25 31 41 46
4 11 33 37 43 44
5 7 13 23 28 38
3 8 23 29 32 34
3 13 19 24 27 44
5 18 26 31 43 44
8 12 17 21 35 40
3 4 14 18 24 40
10 17 32 38 41 43
15 19 31 34 41 44
5 11 16 28 32 40
3 6 12 13 30 36
2 11 14 22 34 47
19 22 26 27 31 40
8 13 14 19 39 44
18 30 31 33 35 40
6 8 15 27 33 34
4 16 17 20 36 49
4 11 12 26 41 45
2 4 31 39 40 46
6 7 8 34 42 48
10 23 24 25 27 41
10 11 38 43 45 47
2 9 13 27 37 48
3 13 30 35 41 49
3 6 9 33 44 48
8 17 19 33 43 45
5 7 26 35 39 45
12 18 23 27 32 46
3 12 37 40 48 49
5 7 8 14 23 33
1 6 21 27 31 47
2 5 13 19 30 47
1 12 21 31 36 40
17 31 32 41 42 43
1 3 4 11 19 40
3 9 20 38 39 45
6 10 12 16 17 31
1 26 27 28 29 31
1 5 17 22 26 41
2 6 12 14 28 40
5 7 28 33 39 42
1 14 28 29 43 45
11 19 28 29 42 45
9 23 29 37 39 43
11 15 21 22 27 47
11 12 13 20 32 42
6 7 21 23 28 29
6 7 10 18 35 43
26 29 32 34 40 48
7 27 29 31 37 38
10 27 30 39 40 47
5 8 15 22 35 48
16 24 33 36 45 47
7 8 19 25 28 45
5 27 41 42 43 46
5 15 17 24 26 43
7 18 19 33 46 49
7 8 31 35 36 49
18 27 36 39 41 47
3 10 13 28 38 45
2 8 17 36 38 40
4 14 15 25 30 32
3 7 9 33 35 42
6 13 19 34 45 48
1 10 12 16 22 30
5 15 16 19 20 43
9 13 22 41 47 48
4 5 25 26 28 39
2 21 22 27 36 44
1 11 20 24 26 41
2 5 14 35 39 42
3 5 6 10 30 45
6 17 28 37 41 45
7 8 14 36 39 45
2 4 23 35 39 47
4 24 32 36 42 45
9 14 21 23 28 36
6 22 26 30 36 44
7 11 17 18 21 42
10 15 19 39 44 46
16 27 31 33 36 41
1 6 10 19 22 46
9 26 36 41 42 45
20 34 37 38 39 45
1 7 16 23 25 37
9 24 25 27 35 39
5 8 16 26 43 47
7 16 27 33 35 44
2 3 6 20 24 39
4 6 16 29 33 40
4 5 7 9 48 49
18 21 32 33 45 48
2 7 21 34 35 48
1 3 7 14 40 46
5 8 18 37 43 49
6 14 28 32 43 47
11 29 30 32 39 40
15 22 26 28 36 42
1 18 19 24 26 36
6 9 16 20 25 43
4 7 13 21 37 49
5 6 18 27 41 48
8 18 22 31 34 48
3 7 21 24 30 39
6 9 25 29 38 43
2 18 22 46 47 49
14 25 30 35 37 38
1 18 20 26 27 44
2 21 37 40 41 49
22 23 33 43 47 49
6 7 28 29 34 43
2 15 29 32 33 39
1 6 19 25 43 47
6 10 23 25 45 49
9 13 18 24 29 30
11 12 14 18 31 32
8 18 26 27 28 49
5 33 40 41 44 48
5 17 20 21 24 40
7 16 18 25 26 41
1 12 17 29 40 41
11 16 29 35 38 47
4 5 27 40 42 48
10 14 18 24 39 47
1 25 30 31 42 49
4 10 19 25 33 43
2 14 37 45 46 47
15 16 25 27 38 47
12 19 22 42 43 45
4 7 10 12 24 33
1 7 23 24 33 42
8 9 16 20 35 45
10 25 26 34 35 44
9 10 16 22 23 45
1 2 17 18 22 40
7 11 22 38 43 49
1 9 23 38 42 47
1 8 12 15 24 29
5 20 24 41 46 49
2 6 7 20 24 33
17 19 27 31 37 48
10 22 26 35 41 47
8 16 17 28 29 43
14 22 28 36 38 46
9 23 25 26 40 48
11 25 28 32 37 44
9 14 20 37 44 47
11 19 23 30 36 47
5 6 14 25 43 49
2 3 10 35 36 41
3 9 15 36 40 43
1 23 24 26 30 35
4 9 11 26 31 47
9 19 21 24 34 35
2 5 11 18 30 31
13 14 16 17 25 27
5 7 29 40 46 47
4 19 26 30 46 47
12 16 28 33 36 40
2 16 17 23 27 38
1 4 30 38 40 49
15 18 24 45 47 49
5 12 21 32 34 40
20 22 25 35 40 46
2 6 17 36 47 49
7 28 29 34 35 47
2 7 28 30 33 46
16 25 39 40 41 49
3 9 10 22 41 42
9 18 24 26 30 34
8 19 24 30 36 38
7 11 36 40 41 49
13 21 35 36 42 44
5 11 12 13 20 41
3 17 19 21 26 31
1 4 5 16 19 26
10 14 19 27 31 39
12 13 14 18 27 44
6 17 20 27 35 39
4 13 17 23 36 49
5 33 37 38 40 49
7 13 22 23 35 38
26 27 28 35 39 43
1 5 6 12 29 34
1 10 14 26 45 49
11 17 19 20 26 30
4 5 6 18 21 40
6 7 14 15 30 48
9 10 17 18 21 36
2 19 22 37 41 48
7 11 17 23 36 37
4 9 15 19 30 33
3 9 12 36 46 48
1 3 9 10 14 38
5 9 17 38 43 47
3 4 9 19 24 40
3 10 12 21 28 32
3 10 16 17 26 30
4 6 21 25 35 39
9 21 27 30 32 46
3 10 17 25 44 46
15 20 23 46 47 48
2 4 5 8 18 40
11 13 18 32 41 47
3 9 24 35 39 44
12 16 17 31 34 43
12 22 25 37 38 48
5 10 18 23 35 44
5 15 26 28 31 37
6 24 33 35 39 47
9 12 26 27 40 45
1 22 31 35 40 45
10 19 25 40 42 49
2 17 21 31 45 47
14 22 29 30 35 43
11 26 33 45 48 49
1 3 10 17 24 49
1 7 23 29 34 45
13 19 20 25 29 44
5 7 12 17 29 45
10 31 40 41 45 49
18 19 34 43 45 48
5 13 22 30 47 48
4 6 8 14 41 42
6 12 18 25 27 35
7 10 19 32 34 41
9 24 28 30 31 49
6 22 27 34 35 43
5 25 28 30 40 41
5 25 31 44 46 47
3 5 25 31 37 41
4 11 18 20 30 49
13 17 21 25 34 48
16 20 23 28 40 43
1 7 9 12 43 46
4 29 30 33 36 39
1 5 14 32 42 48
2 19 30 32 41 48
4 5 8 24 33 43
2 9 12 28 30 38
1 4 20 24 25 39
21 22 25 37 45 48
6 34 36 38 46 48
3 5 25 38 39 40
2 13 23 42 43 47
10 14 17 22 31 39
5 7 9 16 17 47
1 3 15 22 24 36
3 14 31 35 38 48
13 20 27 33 38 45
10 17 27 35 42 46
6 8 12 33 38 42
28 30 31 34 41 48
19 26 30 40 43 45
6 7 30 33 34 39
1 8 25 36 37 40
1 17 21 24 39 47
11 12 30 32 33 46
1 7 30 44 48 49
10 14 23 40 42 48
6 14 28 31 39 46
6 10 15 20 27 37
1 13 19 28 47 49
2 7 21 26 27 49
1 2 8 28 38 43
12 22 29 33 34 42
27 33 34 41 42 49
2 13 20 28 42 45
4 9 17 42 44 45
2 3 6 23 35 39
7 12 24 26 33 34
5 6 18 20 22 45
4 19 23 31 48 49
4 10 29 44 46 49
3 11 16 36 38 41
9 13 15 26 38 43
1 16 23 39 44 47
2 4 30 35 36 45
5 10 11 35 38 39
4 6 27 36 37 40
8 19 29 38 41 47
9 12 14 27 32 46
19 27 28 33 36 38
8 10 11 33 34 42
15 18 27 40 44 45
3 8 10 20 26 44
5 18 21 27 34 36
6 7 11 16 23 48
4 16 20 26 32 38
7 8 24 33 44 45
1 14 31 34 39 49
13 14 23 38 41 43
8 11 13 14 33 36
13 14 26 28 31 43
4 7 16 23 26 29
9 17 19 24 43 49
5 18 23 30 42 49
3 5 15 22 24 37
6 9 10 11 22 26
2 3 6 11 31 33
1 24 25 28 29 32
3 11 15 26 27 41
2 15 28 31 33 35
3 5 7 21 31 43
6 8 17 29 33 49
7 10 15 17 22 47
34 37 41 44 45 49
14 22 31 37 39 45
1 3 6 13 19 46
7 13 34 36 42 43
8 15 19 30 37 39
22 23 30 34 40 48
13 15 20 32 37 49
8 15 22 44 46 47
17 21 22 28 31 42
10 12 16 23 40 42
4 7 9 21 29 34
9 10 19 20 31 45
1 17 25 26 41 42
14 18 23 27 34 39
13 18 24 28 31 44
4 12 25 29 44 45
19 22 23 31 32 42
3 6 16 23 38 45
2 18 26 34 39 49
3 7 11 12 17 39
10 25 29 33 36 41
3 4 8 10 17 34
1 2 5 16 31 36
16 20 21 24 30 38
8 11 23 25 27 34
6 15 28 46 47 49
3 9 10 11 23 33
4 20 24 27 36 39
4 14 20 29 36 44
13 20 23 26 35 43
6 8 14 18 28 33
7 14 17 33 40 42
4 7 20 30 32 43
7 13 17 24 37 44
4 6 11 17 19 42
1 13 27 28 31 37
1 8 11 23 24 45
14 31 33 38 39 49
11 22 30 44 48 49
2 7 16 20 31 43
8 26 33 41 43 45
1 9 24 30 31 48
2 14 26 27 31 34
1 28 31 36 38 49
1 21 27 28 36 49
6 14 28 32 34 40
3 6 11 34 36 41
11 15 31 34 39 43
9 20 22 27 29 40
2 14 33 42 48 49
3 6 12 25 26 45
13 15 25 29 34 36
3 9 10 24 41 47
22 26 34 42 43 46
17 28 34 36 37 49
7 14 15 20 23 46
3 4 8 12 16 47
6 22 29 34 46 49
2 11 13 15 21 41
6 10 18 28 33 38
1 3 5 12 15 41
2 8 27 45 47 48
1 9 15 26 30 42
25 34 40 41 43 47
13 14 39 42 45 49
7 8 10 16 40 49
12 21 23 29 35 41
9 10 24 28 39 42
1 2 19 24 25 47
10 13 23 34 44 46
3 13 18 26 37 49
3 7 29 32 37 45
9 10 33 34 41 45
12 13 17 20 31 37
2 12 23 26 28 42
2 7 10 27 30 49
9 10 17 33 37 45
26 28 30 38 40 41
3 4 10 11 45 47
8 16 19 27 47 48
7 20 22 23 30 31
10 11 15 16 28 37
4 6 10 20 26 37
6 7 12 27 46 48
6 9 14 27 28 39
4 6 25 26 41 49
1 10 13 25 27 45
1 7 20 25 33 42
6 7 11 22 43 44
1 18 22 23 37 42
1 12 13 39 40 44
9 18 21 34 36 39
4 5 19 20 22 39
6 12 16 18 34 44
6 9 12 22 35 37
2 9 22 24 37 44
5 7 26 33 40 42
4 21 22 34 43 48
6 11 31 34 42 43
10 17 28 29 34 36
10 21 23 29 31 37
1 14 31 33 36 48
3 5 9 27 34 48
2 8 27 31 35 42
5 22 23 34 41 42
9 10 11 28 40 46
10 13 23 24 38 48
2 8 26 32 35 39
3 8 14 25 33 43
4 5 37 39 40 45
8 10 20 29 30 44
16 24 30 31 36 49
9 11 12 23 24 31
8 13 18 29 38 41
8 20 22 25 34 35
2 10 16 21 45 48
2 6 9 34 37 46
3 9 24 31 32 34
7 12 17 22 27 41
7 8 27 30 43 47
7 17 19 20 42 47
16 24 31 41 44 47
21 24 30 32 36 44
3 4 32 39 40 43
2 15 30 32 43 45
13 20 30 32 37 47
5 7 9 21 30 46
1 9 12 22 23 27
6 7 11 15 42 49
9 11 12 21 34 44
2 4 10 22 27 40
15 17 24 27 32 37
8 15 20 38 41 43
2 15 22 25 38 42
10 12 15 44 47 49
4 23 25 29 36 45
1 4 16 34 35 46
4 17 22 28 29 40
16 26 30 37 38 42
4 14 26 32 41 45
1 8 19 22 36 42
15 16 19 28 36 40
4 10 20 26 28 43
15 18 20 29 31 33
8 11 20 21 36 48
3 7 8 38 43 45
14 15 20 26 35 49
2 10 23 24 32 34
2 3 22 27 38 48
7 8 17 35 36 47
4 6 7 28 34 43
3 21 28 39 45 47
11 27 28 29 37 39
9 11 20 31 35 42
4 11 12 16 21 43
5 9 11 13 30 39
2 5 13 18 22 29
4 14 26 34 35 47
1 10 21 25 35 36
13 15 17 18 20 31
1 24 34 43 46 47
4 21 26 31 42 45
6 25 26 27 28 43
2 3 4 12 44 49
4 9 16 25 33 42
5 16 20 33 41 48
3 23 31 39 41 48
4 14 17 32 36 44
11 12 23 35 41 42
2 23 25 32 43 49
7 9 12 19 22 43
8 15 16 33 44 47
5 7 15 23 24 32
12 14 15 17 31 38
6 13 18 22 44 45
1 12 16 24 32 49
4 11 19 28 46 48
1 22 39 42 43 47
3 11 13 16 24 31
6 24 29 30 36 49
6 10 14 21 40 46
3 6 20 23 26 37
6 17 18 37 41 49
1 7 9 22 29 32
4 12 32 38 42 46
5 7 8 10 38 40
2 12 14 16 36 46
1 3 15 24 38 47
7 9 11 14 17 31
2 5 10 21 42 46
2 13 15 35 39 48
13 22 39 41 42 43
17 28 29 40 42 47
15 19 39 43 48 49
3 14 18 29 31 41
2 7 10 22 34 43
1 15 20 21 22 33
6 28 31 38 42 44
7 26 33 37 38 44
8 13 32 39 47 48
5 8 26 44 45 49
4 17 29 37 42 47
10 13 21 23 34 38
14 25 31 32 41 49
3 4 41 44 47 49
3 13 17 21 32 33
1 2 11 22 26 36
5 12 19 28 29 37
2 3 7 17 37 38
2 4 9 20 42 48
2 5 10 20 25 42
6 11 24 31 32 45
6 11 18 19 35 43
7 10 14 15 40 41
2 13 17 18 26 41
1 2 7 41 44 45
8 22 24 30 36 40
16 25 34 41 45 47
15 32 35 36 42 47
6 8 27 28 31 47
13 14 20 28 29 33
9 11 16 19 42 44
17 18 21 35 36 43
3 9 15 18 21 33
3 10 13 23 27 35
11 23 28 32 35 36
4 6 38 42 46 48
7 10 29 40 42 43
18 26 35 37 41 46
9 19 32 36 37 39
3 14 37 38 45 47
2 11 18 26 32 49
11 15 30 31 32 39
4 5 31 36 40 43
1 3 12 14 27 43
2 6 14 25 38 43
1 2 5 9 30 45
3 8 19 32 40 43
6 11 23 24 31 35
9 10 13 20 32 37
2 16 30 35 44 46
4 36 13 19 15 39
9 19 32 34 38 41
8 15 24 28 37 40
3 5 8 23 34 42
22 32 35 39 43 44
8 12 14 17 22 25
15 22 23 26 33 43
13 23 24 35 36 44
7 8 29 30 34 39
4 12 24 25 26 45
12 16 22 29 34 43
5 19 23 34 40 41
5 22 27 31 32 49
11 14 17 22 33 39
3 4 23 30 43 44
8 9 25 33 39 45
20 22 30 31 37 41
11 16 19 27 34 36
10 28 34 38 45 48
15 16 20 24 27 40
10 22 23 41 43 47
24 31 39 43 44 45
10 16 25 40 42 44
5 18 22 24 39 48
16 39 42 43 45 48
7 13 21 22 25 33
2 4 6 8 14 28
1 9 27 28 34 37
10 11 19 32 42 46
1 3 10 11 25 44
6 8 16 23 25 44
4 8 14 24 44 47
10 12 18 24 43 44
24 30 33 34 36 45
12 17 24 30 31 32
6 7 8 16 29 42
1 5 13 22 26 29
4 18 22 26 38 49
2 8 11 18 19 38
7 14 15 18 29 47
2 5 28 36 44 48
7 11 16 24 39 49
10 16 22 25 37 40
3 6 30 31 32 43
2 14 17 20 24 48
2 22 24 33 37 46
2 13 34 38 40 43
6 7 12 17 18 34
9 11 15 28 46 47
14 16 21 28 31 39
5 7 10 39 43 46
11 13 17 34 46 49
4 8 10 16 37 43
10 15 22 34 41 49
6 9 12 29 44 49
5 11 15 20 36 48
17 22 31 35 38 44
2 10 20 24 25 47
3 6 12 22 25 41
4 6 26 30 33 45
3 9 17 37 45 47
13 18 27 35 38 39
16 18 27 45 46 49
10 15 23 24 27 35
19 20 23 25 30 34
6 20 21 22 24 30
9 15 19 25 40 47
4 10 14 36 45 49
14 25 41 46 47 49
12 13 24 32 40 48
14 18 24 26 32 35
2 3 8 34 37 47
5 13 18 35 37 42
10 11 16 17 35 38
5 13 23 33 40 41
7 12 26 29 45 46
3 19 26 30 39 40
10 16 19 20 37 49
11 12 17 19 36 44
16 31 36 39 40 49
1 20 24 26 27 40
5 10 11 35 36 41
19 25 30 34 37 42
12 13 19 39 43 49
6 11 16 39 41 49
17 20 26 33 46 47
9 18 20 23 32 34
5 21 28 32 43 46
14 25 29 33 37 42
4 9 17 20 25 35
7 27 28 29 34 40
13 14 21 22 41 42
1 18 23 25 44 48
25 33 39 41 48 49
2 7 13 14 33 36
1 13 27 45 46 47
6 17 28 32 35 42
2 3 7 17 19 42
10 11 20 23 28 42
7 11 20 29 36 49
17 20 22 28 31 43
4 15 21 24 37 43
16 20 33 34 40 46
22 24 25 34 46 49
13 28 30 31 33 46
6 20 29 32 33 44
3 6 7 13 17 33
4 8 14 30 32 43
2 9 14 16 37 47
5 15 18 22 26 30
9 28 36 43 44 49
4 6 22 31 35 40
4 11 16 19 29 36
3 6 19 25 35 48
5 11 12 13 32 40
26 28 39 41 43 48
1 29 31 32 41 43
4 24 29 30 35 37
2 4 5 9 12 17
1 2 4 12 25 46
4 9 16 23 32 41
5 15 17 27 28 29
2 3 11 19 30 43
11 12 15 19 21 22
3 16 21 32 33 40
8 13 19 33 45 47
1 7 15 19 22 33
8 9 23 29 34 43
12 13 18 25 28 44
11 12 15 30 39 49
1 5 9 39 45 47
4 14 17 18 33 34
8 11 12 21 22 49
8 13 17 19 24 43
1 16 18 24 28 47
4 17 29 32 33 34
5 8 26 33 35 46
1 4 8 10 35 45
15 20 25 32 39 41
13 18 24 37 41 48
2 7 14 16 18 26
5 7 16 27 31 43
3 9 14 28 43 45
4 16 21 39 40 42
6 18 26 35 36 45
2 9 10 11 29 46
14 15 20 37 42 48
2 14 18 26 35 36
24 29 36 42 46 49
23 26 27 32 33 41
2 8 12 22 23 28
12 13 21 26 33 38
5 6 8 29 34 35
3 7 14 19 23 35
6 22 23 28 34 37
8 11 21 30 35 45
6 15 17 22 34 46
9 11 24 34 35 41
13 14 23 39 41 46
1 2 5 24 31 32
3 8 11 25 30 46
12 14 16 33 42 47
6 16 22 27 39 40
18 19 32 38 47 49
4 9 36 38 42 48
7 13 15 28 33 39
6 13 14 27 41 48
9 15 19 31 38 43
5 18 20 35 41 48
10 11 16 21 41 46
5 11 16 34 40 42
17 19 20 25 28 37
13 18 23 31 32 37
1 16 25 29 33 47
9 14 19 27 31 39
12 26 32 39 44 47
6 9 16 23 26 47
3 4 17 19 35 49
13 20 36 39 40 44
6 16 18 22 29 41
16 21 32 33 42 46
10 12 19 29 33 34
6 14 22 30 36 40
5 12 23 29 34 41
8 26 28 29 31 35
1 9 10 11 20 31
3 13 27 30 33 41
13 24 28 36 45 49
1 8 26 27 35 38
4 17 19 29 34 46
10 11 13 20 22 41
17 22 34 37 38 46
4 15 24 31 38 49
8 16 18 28 34 46
6 21 22 23 32 44
6 14 21 24 25 41
1 4 24 29 34 37
3 4 20 28 37 42
8 10 22 30 36 45
7 10 16 19 22 40
6 11 14 27 32 38
9 11 18 23 36 45
1 25 26 30 39 47
3 14 15 22 27 38
7 11 19 23 42 49
8 12 18 20 24 33
11 12 16 26 32 35
8 11 21 40 42 44
4 8 33 40 41 43
9 11 33 36 41 49
8 12 16 22 23 26
13 14 21 29 31 34
1 11 16 18 20 25
2 7 22 31 32 41
19 28 31 33 36 41
27 29 40 43 44 49
15 17 26 29 32 47
2 8 17 31 36 42
4 10 23 27 28 39
6 9 10 16 28 43
4 5 23 32 39 44
12 23 38 42 46 49
10 24 27 31 41 46
3 5 6 18 24 42
10 14 18 27 38 43
9 13 17 21 29 47
1 2 15 33 43 45
24 25 29 31 34 47
8 10 28 40 43 46
2 5 16 18 37 39
8 10 15 25 31 34
6 7 8 26 34 35
15 30 33 34 37 38
6 17 23 24 35 44
3 6 23 40 41 43
7 13 21 37 41 43
6 14 20 27 28 48
7 12 15 16 30 42
8 14 26 33 47 49
9 24 26 33 40 47
1 10 23 30 38 39
3 13 23 33 38 49
4 12 18 31 42 44
1 10 25 29 44 47
11 16 20 27 32 38
2 4 5 10 25 34
8 14 29 32 36 37
3 19 33 38 44 47
15 17 21 24 39 43
6 12 26 27 32 36
6 13 18 19 20 21
2 5 11 17 19 28
3 18 24 29 36 46
22 24 29 33 37 47
8 11 15 34 36 47
1 6 7 11 20 32
6 7 13 18 32 33
26 27 43 45 46 49
1 4 6 24 33 47
1 16 19 27 37 48
3 6 7 18 37 39
10 15 24 27 40 45
8 13 24 34 45 47
2 11 32 34 48 49
15 29 35 36 40 41
3 13 25 27 40 47
4 12 14 19 24 48
7 11 14 16 43 48
6 11 25 32 35 43
4 22 24 33 40 48
25 29 33 38 47 49
1 10 15 21 26 35
3 8 9 13 22 49
3 7 23 33 42 43
4 14 26 34 38 49
22 35 37 39 43 49
2 17 22 23 39 42
1 25 26 27 40 43
19 23 29 37 42 46
2 10 12 15 35 44
2 4 6 7 16 44
26 29 37 39 42 48
6 8 21 33 34 35
6 7 19 20 24 41
3 23 26 40 42 46
11 17 20 33 37 47
4 14 15 17 20 35
5 8 14 28 31 48
15 16 17 20 40 45
13 18 30 31 34 36
16 24 41 44 45 46
20 34 36 42 43 47
1 23 26 31 36 42
5 11 15 34 44 48
2 10 21 23 44 45
9 13 26 30 37 41
1 9 17 27 38 42
10 15 17 22 28 31
1 29 32 33 40 46
1 17 28 33 46 48
3 6 17 22 24 28
11 13 19 27 33 39
2 5 15 31 37 43
7 8 20 22 30 41
3 6 12 25 33 49
6 10 29 30 43 49
11 16 21 29 32 43
6 9 10 22 29 33
20 21 23 29 34 47
4 24 26 31 38 40
2 8 13 25 44 45
16 27 31 37 41 49
19 26 32 41 43 44
15 18 22 23 38 40
12 13 22 41 43 49
1 2 3 20 47 49
1 12 14 15 34 37
5 16 28 32 34 40
1 7 11 15 31 49
16 17 22 25 27 35
22 29 35 38 40 45
3 6 7 16 26 48
4 7 18 24 37 44
19 38 39 41 48 49
8 19 26 36 39 49
6 8 9 34 41 48
1 11 16 20 31 44
7 24 40 41 48 49
10 12 14 29 40 47
1 4 20 34 39 41
13 28 35 46 48 49
8 20 22 34 44 46
13 15 28 38 43 48
9 10 36 37 42 43
5 10 12 14 46 47
6 8 11 15 26 33
6 14 18 33 39 44
11 23 33 39 44 46
3 8 13 30 34 49
7 8 26 42 43 46
2 6 21 31 46 47
2 3 25 28 38 49
2 9 11 17 34 45
5 7 15 24 32 36
1 9 10 24 27 29
2 12 23 28 32 48
11 21 26 40 42 45
2 3 4 6 23 45
20 23 24 27 36 38
15 19 27 34 42 48
1 8 10 11 15 33
4 25 27 30 31 40
25 27 32 36 40 43
11 23 32 38 44 49
3 10 13 34 36 43
11 25 31 35 38 43
3 18 21 36 41 44
22 26 39 45 47 49
6 7 22 26 36 43
7 10 11 15 43 48
3 8 11 14 18 26
23 27 28 39 45 47
3 4 8 12 22 28
12 28 31 33 36 37
2 4 5 26 27 36
2 4 17 28 34 44
7 14 16 24 31 32
5 20 22 26 29 47
4 6 11 14 15 38
6 22 23 24 33 39
5 6 20 27 36 45
17 26 35 44 46 49
5 6 16 25 28 33
2 4 14 17 45 48
2 6 10 14 15 29
2 12 14 20 39 47
3 26 29 32 38 46
4 10 17 34 39 42
5 10 17 24 35 37
9 16 30 37 41 49
1 2 3 13 21 38
7 30 31 35 39 46
16 21 23 29 31 38
5 7 17 30 32 34
26 27 31 32 43 45
10 15 26 28 35 45
9 24 35 37 38 45
6 28 31 36 38 48
7 14 19 39 48 49
3 10 11 28 32 43
9 12 15 16 22 28
5 7 11 21 22 48
4 6 11 22 30 42
3 7 31 32 40 41
2 4 16 29 38 45
1 2 16 20 22 32
6 8 23 24 35 36
3 17 23 25 29 44
2 5 7 14 40 41
2 13 28 30 32 36
19 21 30 39 47 49
3 12 26 30 38 47
5 6 7 10 15 23
6 14 16 25 43 49
3 18 19 29 42 49
5 10 19 31 35 43
2 22 31 32 39 43
7 22 28 36 43 44
7 9 13 14 17 36
3 8 11 17 20 49
11 16 19 29 41 43
3 18 28 29 38 48
11 17 20 26 28 38
3 11 18 29 33 46
2 8 15 28 31 36
11 20 30 31 34 40
3 6 26 38 39 47
6 19 25 31 40 47
11 14 16 24 36 42
3 9 17 31 36 39
3 8 9 34 35 39
13 17 19 25 28 42
5 15 21 27 29 48
2 6 25 27 29 30
2 3 22 29 35 37
1 22 26 37 39 44
1 17 19 31 34 38
12 22 24 37 41 43
12 16 28 40 42 48
10 21 22 23 30 40
4 11 20 21 30 46
8 13 22 32 40 43
7 14 26 30 33 43
3 23 31 32 37 41
17 27 42 43 46 47
3 9 12 35 44 48
9 11 22 29 46 48
14 25 29 38 44 46
9 32 38 40 44 49
4 10 14 24 38 40
7 16 21 23 26 33
9 18 20 22 24 25
10 12 13 30 36 45
9 12 15 19 24 38
12 13 22 30 35 36
6 12 13 28 32 33
5 12 15 16 35 46
9 19 24 39 42 43
9 16 19 24 36 42
7 12 19 30 33 35
11 28 31 36 38 42
1 24 30 33 39 47
13 20 22 41 42 49
4 9 15 19 26 48
7 18 22 38 39 49
5 6 17 19 27 38
2 12 18 34 35 44
4 5 17 25 27 35
4 26 27 40 44 46
6 9 10 22 32 43
6 8 23 24 25 46
16 19 25 36 39 48
20 28 31 36 44 45
5 8 14 23 29 38
6 22 39 41 43 49
11 15 16 26 32 36
2 18 23 26 42 46
24 32 36 37 45 48
3 12 15 26 34 36
17 18 42 46 47 49
7 9 16 17 26 32
4 18 29 33 42 44
10 15 16 18 35 37
7 8 17 31 44 48
4 18 21 29 36 43
25 26 30 32 39 46
8 9 11 19 31 48
5 13 24 28 38 47
5 13 16 33 34 44
10 16 24 32 43 45
4 7 12 27 31 38
3 12 23 33 36 41
1 7 10 23 25 40
7 10 29 30 34 46
3 22 30 36 38 43
5 7 8 11 20 24
4 6 20 28 42 48
14 17 21 37 42 47
6 12 32 39 43 46
13 16 28 38 48 49
18 24 28 30 35 49
3 4 25 46 47 48
12 13 22 23 40 44
3 7 23 34 35 48
6 10 30 35 38 48
2 14 34 35 40 41
1 19 23 25 28 30
9 11 20 21 26 42
2 7 22 30 32 39
9 21 24 37 39 42
2 5 6 16 21 31
2 7 13 16 27 34
10 13 16 29 40 44
5 13 17 19 31 41
20 21 24 27 28 43
12 23 27 35 42 47
3 6 11 21 43 44
6 11 12 17 42 47
6 20 28 33 38 43
