49 07.12.1991 6 16 17 41 42 49 7
50 14.12.1991 1 37 39 43 44 47 4
51 21.12.1991 8 12 30 32 45 49 9
52 28.12.1991 17 35 36 43 45 46 1
1 04.01.1992 11 16 18 27 32 39 0
2 11.01.1992 1 3 18 21 39 45 6
3 18.01.1992 4 9 14 31 32 48 3
4 25.01.1992 20 22 31 40 41 47 7
5 01.02.1992 14 16 22 30 35 47 9
6 08.02.1992 6 16 25 37 40 41 8
7 15.02.1992 4 17 32 35 41 48 2
8 22.02.1992 3 4 11 39 40 46 0
9 29.02.1992 11 13 19 25 27 30 6
10 07.03.1992 9 15 28 31 42 43 1
11 14.03.1992 2 16 18 36 45 46 6
12 21.03.1992 14 19 20 21 35 47 1
13 28.03.1992 1 5 21 36 37 42 4
14 04.04.1992 1 3 5 17 27 30 9
15 11.04.1992 11 14 29 31 37 49 1
16 18.04.1992 10 24 31 40 41 49 6
17 25.04.1992 4 5 15 22 25 39 0
18 02.05.1992 2 5 22 29 39 46 7
19 09.05.1992 3 4 15 19 32 41 9
20 16.05.1992 1 7 17 28 44 49 4
21 23.05.1992 9 21 26 29 36 38 5
22 30.05.1992 8 19 21 32 33 36 2
23 06.06.1992 6 11 24 26 29 36 6
24 13.06.1992 2 17 23 35 43 46 1
25 20.06.1992 2 27 28 41 44 46 9
26 27.06.1992 3 14 15 19 24 42 5
27 04.07.1992 12 16 28 32 35 39 2
28 11.07.1992 1 5 16 19 24 48 5
29 18.07.1992 8 20 25 30 36 37 1
30 25.07.1992 1 5 18 35 45 48 9
31 01.08.1992 6 10 15 17 25 41 1
32 08.08.1992 5 9 10 25 26 45 7
33 15.08.1992 11 12 14 35 37 43 5
34 22.08.1992 5 32 36 39 40 45 4
35 29.08.1992 10 12 25 41 47 49 0
36 05.09.1992 8 12 30 32 35 38 1
37 12.09.1992 14 15 19 20 25 33 1
38 19.09.1992 3 5 24 35 42 46 4
39 26.09.1992 12 13 18 19 28 37 7
40 03.10.1992 7 8 18 19 32 49 9
41 10.10.1992 11 12 22 33 41 42 4
42 17.10.1992 16 24 26 28 39 45 4
43 24.10.1992 5 7 16 18 22 45 9
44 31.10.1992 5 14 24 34 46 48 8
45 07.11.1992 12 15 19 27 28 48 5
46 14.11.1992 17 18 19 34 46 48 1
47 21.11.1992 3 15 28 33 38 43 9
48 28.11.1992 7 18 34 38 40 49 4
49 05.12.1992 4 5 12 17 28 45 5
50 12.12.1992 5 9 12 19 21 28 5
51 19.12.1992 5 8 10 11 18 31 0
52 26.12.1992 2 7 15 17 39 43 8
1 02.01.1993 1 15 16 21 24 32 0
2 09.01.1993 1 7 11 22 30 42 5
3 16.01.1993 1 3 10 11 18 25 8
4 23.01.1993 2 14 18 21 29 45 6
5 30.01.1993 8 9 15 18 30 42 4
6 06.02.1993 4 6 20 25 32 42 0
7 13.02.1993 6 11 18 19 24 39 7
8 20.02.1993 9 10 23 24 36 49 4
9 27.02.1993 4 7 9 14 22 38 1
10 06.03.1993 6 12 17 18 30 32 2
11 13.03.1993 7 10 34 37 40 41 6
12 20.03.1993 10 12 21 34 44 49 2
13 27.03.1993 4 6 8 10 15 31 7
14 03.04.1993 9 16 22 26 44 46 2
15 10.04.1993 5 24 28 30 44 49 6
16 17.04.1993 18 22 23 27 32 36 0
17 24.04.1993 15 17 18 26 34 49 2
18 01.05.1993 1 2 6 13 30 34 8
19 08.05.1993 9 12 21 31 37 44 9
20 15.05.1993 8 22 26 30 31 48 3
21 22.05.1993 1 6 7 28 29 42 4
22 29.05.1993 14 24 26 29 30 40 4
23 05.06.1993 5 20 25 33 41 43 9
24 12.06.1993 10 18 22 34 35 43 6
25 19.06.1993 7 8 24 30 33 37 7
26 26.06.1993 6 8 11 14 41 49 4
27 03.07.1993 3 18 27 29 32 36 4
28 10.07.1993 15 17 26 27 40 41 3
29 17.07.1993 4 11 13 15 46 47 8
30 24.07.1993 6 18 25 32 41 46 6
31 31.07.1993 2 3 6 21 22 44 3
32 07.08.1993 13 17 20 25 41 46 4
33 14.08.1993 15 17 20 35 38 44 8
34 21.08.1993 6 8 9 29 31 44 8
35 28.08.1993 5 14 20 26 30 41 5
36 04.09.1993 2 14 19 25 26 39 8
37 11.09.1993 1 8 26 27 29 44 1
38 18.09.1993 5 14 22 23 37 47 8
39 25.09.1993 12 24 32 36 40 42 1
40 02.10.1993 6 25 27 30 34 39 6
41 09.10.1993 5 27 34 35 37 49 0
42 16.10.1993 6 12 14 20 34 46 5
43 23.10.1993 12 25 31 36 45 47 6
44 30.10.1993 1 12 18 20 27 28 5
45 06.11.1993 19 29 39 42 48 49 9
46 13.11.1993 1 3 21 26 38 46 2
47 20.11.1993 4 10 21 31 35 37 4
48 27.11.1993 2 5 6 8 22 24 5
49 04.12.1993 9 24 26 29 39 49 0
50 11.12.1993 9 27 30 33 36 48 5
51 18.12.1993 2 18 30 36 39 47 6
52 25.12.1993 18 22 29 32 34 44 3
1 01.01.1994 5 15 38 41 42 49 9
2 08.01.1994 10 13 19 32 35 43 5
3 15.01.1994 13 22 32 39 41 43 0
4 22.01.1994 3 13 17 30 37 44 4
5 29.01.1994 10 20 28 37 46 48 9
6 05.02.1994 5 10 18 21 29 34 9
7 12.02.1994 2 16 17 34 39 40 3
8 19.02.1994 2 12 15 24 31 39 7
9 26.02.1994 7 9 31 39 44 48 4
10 05.03.1994 4 7 11 32 46 49 2
11 12.03.1994 7 19 29 37 42 46 5
12 19.03.1994 11 14 24 32 36 42 0
13 26.03.1994 4 25 27 33 40 44 9
14 02.04.1994 19 21 32 37 48 49 6
15 09.04.1994 3 9 25 37 39 47 0
16 16.04.1994 1 6 17 21 24 46 4
17 23.04.1994 11 16 17 35 41 44 2
18 30.04.1994 2 14 17 29 36 44 8
19 07.05.1994 6 8 16 20 33 47 2
20 14.05.1994 4 8 11 17 38 39 1
21 21.05.1994 6 17 26 39 44 47 2
22 28.05.1994 2 16 19 38 46 49 6
23 04.06.1994 15 25 27 32 46 48 0
24 11.06.1994 4 9 16 29 39 49 8
25 18.06.1994 13 20 26 42 44 45 6
26 25.06.1994 1 2 10 29 30 35 7
27 02.07.1994 3 8 22 25 35 49 2
28 09.07.1994 17 18 25 27 28 36 4
29 16.07.1994 2 15 22 24 28 35 0
30 23.07.1994 5 7 20 40 45 48 3
31 30.07.1994 18 20 35 40 42 49 3
32 06.08.1994 7 20 27 39 42 44 7
33 13.08.1994 3 16 17 26 40 43 7
34 20.08.1994 4 27 33 36 40 41 3
35 27.08.1994 5 8 9 10 24 38 9
36 03.09.1994 5 16 17 24 30 42 5
37 10.09.1994 3 18 34 37 42 45 7
38 17.09.1994 14 15 27 37 41 48 2
39 24.09.1994 6 7 16 23 44 47 4
40 01.10.1994 1 8 9 28 32 38 6
41 08.10.1994 3 12 35 36 44 48 2
42 15.10.1994 5 7 18 22 38 41 1
43 22.10.1994 19 22 27 31 45 46 8
44 29.10.1994 7 13 15 23 29 33 4
45 05.11.1994 6 9 22 24 30 33 4
46 12.11.1994 19 29 31 36 41 48 7
47 19.11.1994 3 4 6 18 46 47 3
48 26.11.1994 3 10 13 14 23 28 1
49 03.12.1994 3 23 27 32 36 48 1
50 10.12.1994 2 3 5 8 13 43 1
51 17.12.1994 19 24 35 36 37 38 5
52 24.12.1994 1 6 13 16 30 43 9
53 31.12.1994 7 15 26 32 37 41 8
1 07.01.1995 2 12 19 41 47 48 5
2 14.01.1995 8 23 28 40 42 45 8
3 21.01.1995 12 18 21 27 41 44 6
4 28.01.1995 17 33 37 39 45 49 9
5 04.02.1995 2 4 6 8 31 44 5
6 11.02.1995 11 13 35 38 41 42 0
7 18.02.1995 1 9 12 24 31 38 1
8 25.02.1995 3 6 26 34 37 47 1
9 04.03.1995 27 36 37 41 47 49 6
10 11.03.1995 4 18 21 25 26 31 6
11 18.03.1995 7 8 13 32 33 43 0
12 25.03.1995 5 10 13 28 32 43 3
13 01.04.1995 4 11 20 32 33 48 2
14 08.04.1995 13 15 24 32 36 49 5
15 15.04.1995 10 23 26 33 38 45 6
16 22.04.1995 20 22 25 26 33 37 6
17 29.04.1995 4 13 21 25 26 31 8
18 06.05.1995 2 18 27 31 38 39 2
19 13.05.1995 1 16 28 30 34 48 3
20 20.05.1995 6 12 16 20 39 41 0
21 27.05.1995 1 13 18 25 28 30 0
22 03.06.1995 10 11 26 29 32 45 1
23 10.06.1995 3 18 20 21 30 40 0
24 17.06.1995 11 14 25 40 42 48 1
25 24.06.1995 3 7 28 30 33 37 0
26 01.07.1995 2 23 28 29 44 47 8
27 08.07.1995 9 10 21 22 24 44 0
28 15.07.1995 3 5 25 34 44 46 9
29 22.07.1995 12 13 16 26 32 47 1
30 29.07.1995 11 12 39 41 43 45 5
31 05.08.1995 5 9 17 23 36 47 6
32 12.08.1995 13 20 26 44 48 49 3
33 19.08.1995 4 23 32 36 42 49 3
34 26.08.1995 13 17 20 27 33 48 5
35 02.09.1995 6 11 25 32 37 42 2
36 09.09.1995 7 16 23 37 41 42 9
37 16.09.1995 19 21 29 37 40 43 7
38 23.09.1995 20 24 27 28 38 40 4
39 30.09.1995 6 11 14 15 25 46 2
40 07.10.1995 3 9 10 18 37 39 4
41 14.10.1995 3 5 21 31 42 47 4
42 21.10.1995 10 15 32 36 37 39 1
43 28.10.1995 2 11 13 20 36 40 8
44 04.11.1995 18 23 29 33 37 44 0
45 11.11.1995 15 21 24 33 38 39 9
46 18.11.1995 1 13 23 25 32 43 9
47 25.11.1995 32 39 42 44 48 49 0
48 02.12.1995 2 16 25 26 37 39 4
49 09.12.1995 2 9 12 15 38 39 6
50 16.12.1995 13 21 28 33 39 47 3
51 23.12.1995 6 7 20 35 44 47 8
52 30.12.1995 8 21 24 32 43 49 6
1 06.01.1996 3 6 14 19 22 32 4
2 13.01.1996 3 7 20 26 29 42 1
3 20.01.1996 8 9 17 25 42 43 8
4 27.01.1996 3 10 21 33 36 49 4
5 03.02.1996 5 13 20 25 38 40 4
6 10.02.1996 26 34 36 41 47 48 7
7 17.02.1996 1 4 20 30 43 47 5
8 24.02.1996 4 23 29 31 37 43 6
9 02.03.1996 3 9 20 34 35 38 0
10 09.03.1996 3 14 18 19 24 38 3
11 16.03.1996 12 15 17 25 35 36 9
12 23.03.1996 7 24 25 31 35 46 0
13 30.03.1996 2 8 12 20 35 45 4
14 06.04.1996 19 24 30 41 43 44 9
15 13.04.1996 7 9 10 11 18 23 4
16 20.04.1996 3 11 13 28 32 36 3
17 27.04.1996 2 25 27 28 38 42 3
18 04.05.1996 6 10 11 21 42 48 4
19 11.05.1996 4 6 18 39 41 49 9
20 18.05.1996 6 17 29 35 44 48 5
21 25.05.1996 6 18 21 27 28 36 6
22 01.06.1996 8 23 27 29 43 47 2
23 08.06.1996 8 12 16 20 28 41 3
24 15.06.1996 15 30 32 33 36 37 5
25 22.06.1996 11 12 17 23 34 41 0
26 29.06.1996 1 2 3 11 26 47 3
27 06.07.1996 9 11 15 18 33 46 1
28 13.07.1996 10 28 33 37 40 41 2
29 20.07.1996 13 18 33 45 47 48 3
30 27.07.1996 2 6 13 26 32 34 7
31 03.08.1996 2 23 37 39 43 45 9
32 10.08.1996 2 17 19 23 38 47 5
33 17.08.1996 3 5 17 37 47 49 5
34 24.08.1996 1 18 29 34 46 49 1
35 31.08.1996 8 29 30 34 35 39 5
36 07.09.1996 8 14 16 29 30 45 2
37 14.09.1996 3 7 14 16 43 45 1
38 21.09.1996 5 8 15 40 44 49 8
39 28.09.1996 2 7 16 24 43 48 8
40 05.10.1996 1 3 7 24 34 43 2
41 12.10.1996 4 17 23 24 35 37 2
42 19.10.1996 6 10 22 24 25 32 7
43 26.10.1996 3 20 21 24 35 42 9
44 02.11.1996 9 10 20 32 36 47 2
45 09.11.1996 4 7 16 18 28 48 2
46 16.11.1996 2 20 21 23 26 36 5
47 23.11.1996 20 23 36 38 39 44 9
48 30.11.1996 4 5 24 30 32 39 9
49 07.12.1996 2 8 10 14 27 42 3
50 14.12.1996 6 22 33 35 41 44 2
51 21.12.1996 10 11 13 32 39 49 3
52 28.12.1996 4 18 32 44 46 49 4
1 04.01.1997 6 10 31 44 46 48 2
2 11.01.1997 3 28 29 33 35 40 1
3 18.01.1997 10 19 28 36 44 47 1
4 25.01.1997 1 7 11 14 29 36 2
5 01.02.1997 10 22 24 26 31 39 5
6 08.02.1997 5 10 15 26 33 49 1
7 15.02.1997 16 27 30 34 38 47 1
8 22.02.1997 2 8 15 27 30 39 1
9 01.03.1997 5 7 13 20 22 44 0
10 08.03.1997 3 9 31 43 46 49 0
11 15.03.1997 2 7 8 27 31 41 0
12 22.03.1997 6 8 11 15 31 32 3
13 29.03.1997 18 23 26 28 44 49 9
14 05.04.1997 26 27 33 38 40 46 7
15 12.04.1997 7 13 18 22 26 36 2
16 19.04.1997 2 24 25 26 41 46 9
17 26.04.1997 9 14 24 27 33 36 7
18 03.05.1997 3 13 14 15 21 31 6
19 10.05.1997 1 8 11 19 47 49 8
20 17.05.1997 3 4 29 35 38 49 8
21 24.05.1997 6 8 14 23 26 46 0
22 31.05.1997 2 10 15 26 32 37 2
23 07.06.1997 4 9 14 41 45 47 4
24 14.06.1997 9 16 17 29 37 44 4
25 21.06.1997 2 15 18 27 29 43 0
26 28.06.1997 4 13 27 29 30 47 1
27 05.07.1997 3 14 23 26 36 46 6
28 12.07.1997 6 15 29 30 38 47 1
29 19.07.1997 8 10 11 18 23 45 1
30 26.07.1997 4 6 15 25 35 49 0
31 02.08.1997 3 8 21 26 33 42 7
32 09.08.1997 10 12 16 30 39 42 8
33 16.08.1997 14 39 40 43 45 48 3
34 23.08.1997 6 11 24 27 31 45 6
35 30.08.1997 8 13 18 29 35 49 9
36 06.09.1997 6 7 15 24 44 47 8
37 13.09.1997 10 16 35 36 37 44 0
38 20.09.1997 6 12 16 36 37 48 3
39 27.09.1997 11 15 16 34 40 43 5
40 04.10.1997 9 13 23 27 38 40 8
41 11.10.1997 5 6 29 30 32 45 2
42 18.10.1997 2 10 25 29 30 42 4
43 25.10.1997 16 21 31 46 47 48 2
44 01.11.1997 4 9 18 28 33 49 5
45 08.11.1997 1 15 26 27 28 32 7
46 15.11.1997 7 10 11 12 35 43 9
47 22.11.1997 10 33 36 39 47 48 4
48 29.11.1997 1 11 14 16 36 48 1
49 06.12.1997 1 13 15 34 40 49 5
50 13.12.1997 3 9 22 23 40 41 3
51 20.12.1997 14 19 34 35 39 42 6
52 27.12.1997 4 12 17 41 42 47 2
1 03.01.1998 12 15 16 20 29 45 7
2 10.01.1998 2 19 29 36 43 49 1
3 17.01.1998 15 30 31 32 41 48 5
4 24.01.1998 14 22 25 35 44 48 8
5 31.01.1998 5 6 17 23 27 47 6
6 07.02.1998 12 36 40 42 44 48 6
7 14.02.1998 10 11 17 32 36 49 3
8 21.02.1998 2 13 29 37 47 49 0
9 28.02.1998 24 33 36 44 45 49 7
10 07.03.1998 12 18 23 25 40 44 5
11 14.03.1998 1 12 22 31 39 45 2
12 21.03.1998 5 9 16 38 40 41 1
13 28.03.1998 2 8 10 11 22 35 0
14 04.04.1998 3 17 39 41 42 48 8
15 11.04.1998 8 23 31 33 35 39 0
16 18.04.1998 3 11 24 45 46 49 0
17 25.04.1998 8 33 38 44 47 49 4
18 02.05.1998 18 32 34 38 40 48 5
19 09.05.1998 1 3 14 21 22 47 1
20 16.05.1998 5 15 22 36 37 43 2
21 23.05.1998 11 13 22 27 33 48 9
22 30.05.1998 4 9 15 22 38 45 0
23 06.06.1998 5 15 21 32 34 35 9
24 13.06.1998 6 8 14 20 27 34 8
25 20.06.1998 19 27 29 31 38 44 4
26 27.06.1998 1 6 11 12 16 20 3
27 04.07.1998 14 16 23 25 30 36 6
28 11.07.1998 2 10 14 38 41 49 9
29 18.07.1998 2 19 30 31 37 42 7
30 25.07.1998 9 13 14 34 38 49 7
31 01.08.1998 3 20 21 38 39 43 8
32 08.08.1998 7 11 15 22 37 39 3
33 15.08.1998 6 19 20 30 46 48 5
34 22.08.1998 5 24 36 38 40 47 8
35 29.08.1998 3 7 11 26 42 43 5
36 05.09.1998 8 15 32 41 45 48 4
37 12.09.1998 9 28 29 38 46 49 0
38 19.09.1998 9 20 26 27 32 48 6
39 26.09.1998 1 5 7 12 13 36 4
40 03.10.1998 18 23 29 32 40 44 4
41 10.10.1998 4 27 29 31 39 41 4
42 17.10.1998 1 5 28 32 35 36 4
43 24.10.1998 1 7 19 26 31 38 2
44 31.10.1998 2 5 6 24 26 44 0
45 07.11.1998 1 4 19 23 31 32 2
46 14.11.1998 7 25 27 32 33 41 7
47 21.11.1998 2 11 21 31 36 41 9
48 28.11.1998 10 17 28 33 34 38 3
49 05.12.1998 9 22 31 35 43 48 5
50 12.12.1998 7 10 17 25 28 41 4
51 19.12.1998 7 14 19 29 32 33 4
52 26.12.1998 19 20 24 29 43 45 0
1 02.01.1999 4 12 19 27 41 45 0
2 09.01.1999 4 6 11 17 20 48 2
3 16.01.1999 18 26 30 32 40 46 0
4 23.01.1999 10 15 25 27 32 46 7
5 30.01.1999 4 5 18 20 22 41 9
6 06.02.1999 13 29 37 38 45 48 4
7 13.02.1999 3 29 35 38 43 49 5
8 20.02.1999 1 9 13 23 46 48 0
9 27.02.1999 12 15 20 22 26 32 6
10 06.03.1999 3 18 27 38 44 49 7
11 13.03.1999 1 11 19 20 24 34 6
12 20.03.1999 12 15 25 29 30 44 8
13 27.03.1999 1 8 18 29 32 38 4
14 03.04.1999 2 11 20 29 35 46 6
15 10.04.1999 2 3 4 5 6 26 4
16 17.04.1999 6 7 36 39 42 46 3
17 24.04.1999 4 18 25 29 34 36 0
18 01.05.1999 9 12 13 24 26 48 0
19 08.05.1999 3 16 17 23 39 47 8
20 15.05.1999 11 28 40 42 46 49 3
21 22.05.1999 14 18 33 35 39 41 1
22 29.05.1999 1 11 12 13 42 43 2
23 05.06.1999 5 19 21 31 43 48 9
24 12.06.1999 12 13 24 25 41 42 9
25 19.06.1999 12 30 31 34 35 49 6
26 26.06.1999 1 14 16 18 48 49 1
27 03.07.1999 6 15 23 24 25 32 4
28 10.07.1999 3 5 15 30 38 44 1
29 17.07.1999 3 11 22 36 43 44 8
30 24.07.1999 27 28 31 34 35 49 7
31 31.07.1999 3 16 21 29 33 44 5
32 07.08.1999 9 20 21 27 33 42 1
33 14.08.1999 19 22 33 40 42 49 2
34 21.08.1999 4 9 20 23 24 41 2
35 28.08.1999 1 14 21 28 43 47 3
36 04.09.1999 17 19 24 30 34 35 0
37 11.09.1999 1 14 19 34 35 36 2
38 18.09.1999 21 24 28 35 44 45 5
39 25.09.1999 12 18 22 25 29 42 6
40 02.10.1999 10 19 27 35 42 45 4
41 09.10.1999 6 17 19 20 29 44 2
42 16.10.1999 3 4 7 12 30 42 1
43 23.10.1999 3 5 22 27 34 35 7
44 30.10.1999 1 10 14 23 45 49 3
45 06.11.1999 5 7 12 25 34 49 9
46 13.11.1999 14 19 23 27 30 47 2
47 20.11.1999 1 7 8 9 24 41 1
48 27.11.1999 2 5 24 37 43 48 1
49 04.12.1999 4 19 28 43 44 46 4
50 11.12.1999 6 7 19 22 46 47 4
51 18.12.1999 2 6 17 20 25 38 2
52 25.12.1999 5 18 23 24 30 33 4
1 01.01.2000 1 2 12 30 40 47 0
2 08.01.2000 4 6 20 29 31 37 8
3 15.01.2000 22 31 32 33 35 38 8
4 22.01.2000 10 15 25 28 30 40 7
5 29.01.2000 19 21 30 34 41 45 0
6 05.02.2000 12 23 26 27 31 43 2
7 12.02.2000 4 11 20 24 33 48 7
8 19.02.2000 9 10 15 17 20 40 3
9 26.02.2000 3 5 11 27 32 36 7
10 04.03.2000 5 13 14 22 29 32 7
11 11.03.2000 7 12 26 42 44 49 7
12 18.03.2000 2 4 5 8 29 42 1
13 25.03.2000 20 33 36 38 39 43 8
14 01.04.2000 1 11 17 25 42 48 0
15 08.04.2000 5 16 22 41 44 45 4
16 15.04.2000 1 7 11 13 15 25 2
17 22.04.2000 15 16 21 25 32 33 3
18 29.04.2000 7 14 30 36 38 39 6
19 06.05.2000 4 9 16 34 38 40 6
20 13.05.2000 5 6 25 29 37 43 6
21 20.05.2000 19 31 32 36 40 49 9
22 27.05.2000 9 16 26 29 35 40 0
23 03.06.2000 9 21 25 27 39 40 7
24 10.06.2000 1 25 33 35 37 44 2
25 17.06.2000 24 28 32 40 46 49 7
26 24.06.2000 6 13 28 29 42 43 6
27 01.07.2000 16 18 24 29 36 44 9
28 08.07.2000 2 8 11 15 17 35 1
29 15.07.2000 3 9 24 28 31 38 6
30 22.07.2000 2 9 14 38 40 44 0
31 29.07.2000 5 13 27 28 32 33 9
32 05.08.2000 16 18 21 26 32 47 1
33 12.08.2000 16 19 26 32 38 39 2
34 19.08.2000 1 20 25 31 32 39 3
35 26.08.2000 1 4 27 28 43 46 6
36 02.09.2000 22 23 25 32 35 36 2
37 09.09.2000 16 29 39 40 41 47 6
38 16.09.2000 4 10 18 20 25 43 2
39 23.09.2000 9 18 26 35 39 45 3
40 30.09.2000 1 2 7 10 11 35 3
41 07.10.2000 1 3 26 32 38 48 7
42 14.10.2000 2 26 37 38 39 47 2
43 21.10.2000 10 21 24 30 32 33 2
44 28.10.2000 5 11 13 29 35 49 8
45 04.11.2000 17 22 37 43 46 48 3
46 11.11.2000 24 26 27 39 41 49 6
47 18.11.2000 1 6 8 23 37 47 9
48 25.11.2000 4 10 14 37 43 48 2
49 02.12.2000 4 32 42 43 45 46 5
50 06.12.2000 8 9 29 30 33 43 8
51 09.12.2000 4 11 15 26 33 40 0
52 13.12.2000 5 15 17 23 26 37 9
53 16.12.2000 11 24 27 31 40 48 7
54 20.12.2000 6 7 24 26 35 38 3
55 23.12.2000 11 13 18 20 28 33 3
56 27.12.2000 11 13 24 27 41 48 0
57 30.12.2000 2 5 7 17 27 47 4
1 03.01.2001 13 19 21 34 36 46 2
2 06.01.2001 8 12 17 26 37 42 6
3 10.01.2001 3 4 15 24 27 28 2
4 13.01.2001 4 6 28 31 37 46 4
5 17.01.2001 11 12 20 43 45 49 4
6 20.01.2001 1 3 28 47 48 49 2
7 24.01.2001 6 7 9 18 38 46 9
8 27.01.2001 2 12 13 38 40 43 4
9 31.01.2001 14 16 19 24 30 33 3
10 03.02.2001 3 12 15 28 35 37 2
11 07.02.2001 1 5 10 26 31 40 8
12 10.02.2001 32 34 39 41 42 44 0
13 14.02.2001 2 25 26 31 34 48 6
14 17.02.2001 12 13 16 21 33 49 9
15 21.02.2001 4 5 10 22 25 26 4
16 24.02.2001 4 21 23 29 47 48 9
17 28.02.2001 16 23 30 33 38 49 0
18 03.03.2001 9 34 41 42 43 46 2
19 07.03.2001 1 6 17 29 32 44 6
20 10.03.2001 10 15 21 25 38 48 7
21 14.03.2001 22 26 32 38 39 45 4
22 17.03.2001 5 25 33 41 44 49 5
23 21.03.2001 11 22 26 28 45 49 9
24 24.03.2001 9 11 30 36 45 49 2
25 28.03.2001 14 19 24 25 31 41 9
26 31.03.2001 2 10 14 15 28 44 0
27 04.04.2001 4 12 21 22 24 31 6
28 07.04.2001 3 9 33 36 37 38 3
29 11.04.2001 4 12 24 28 33 36 2
30 14.04.2001 2 9 11 21 24 42 7
31 18.04.2001 1 6 17 19 29 48 6
32 21.04.2001 2 7 18 25 27 48 8
33 25.04.2001 9 13 20 26 31 42 8
34 28.04.2001 3 7 14 33 35 38 3
35 02.05.2001 2 12 14 24 31 44 1
36 05.05.2001 29 36 41 42 44 49 5
37 09.05.2001 4 16 17 26 30 36 3
38 12.05.2001 1 7 28 29 31 46 9
39 16.05.2001 2 16 19 23 33 35 7
40 19.05.2001 1 9 10 11 15 34 1
41 23.05.2001 13 15 31 40 44 46 2
42 26.05.2001 2 8 13 22 42 43 1
43 30.05.2001 16 26 27 35 47 48 3
44 02.06.2001 8 13 23 34 35 39 1
45 06.06.2001 8 9 26 34 42 47 6
46 09.06.2001 2 6 15 31 48 49 3
47 13.06.2001 6 15 17 20 34 41 5
48 16.06.2001 4 17 22 25 32 36 3
49 20.06.2001 1 2 5 8 25 27 9
50 23.06.2001 6 18 29 35 40 42 6
51 27.06.2001 13 17 20 24 27 47 2
52 30.06.2001 6 12 14 16 27 43 9
53 04.07.2001 2 17 31 34 37 43 7
54 07.07.2001 11 22 37 39 40 42 3
55 11.07.2001 1 8 12 27 39 45 7
56 14.07.2001 6 18 22 23 31 38 5
57 18.07.2001 11 12 31 34 44 45 5
58 21.07.2001 21 25 33 37 38 44 1
59 25.07.2001 6 12 13 32 37 39 2
60 28.07.2001 2 6 18 22 23 27 9
61 01.08.2001 9 30 32 34 41 48 6
62 04.08.2001 6 10 17 29 35 47 5
63 08.08.2001 10 17 20 22 40 41 8
64 11.08.2001 2 14 22 24 28 34 6
65 15.08.2001 10 11 23 31 35 47 4
66 18.08.2001 6 7 12 26 29 44 7
67 22.08.2001 3 11 25 35 36 48 8
68 25.08.2001 2 15 28 30 32 41 7
69 29.08.2001 6 16 22 28 34 35 2
70 01.09.2001 1 6 25 27 35 38 8
71 05.09.2001 1 9 25 33 38 44 1
72 08.09.2001 2 4 6 12 28 40 5
73 12.09.2001 4 18 23 26 43 44 5
74 15.09.2001 12 19 26 27 33 38 9
75 19.09.2001 4 10 23 24 25 30 8
76 22.09.2001 12 28 32 33 36 48 1
77 26.09.2001 1 17 21 23 28 46 8
78 29.09.2001 8 20 23 27 28 41 3
79 03.10.2001 11 17 20 33 43 49 7
80 06.10.2001 6 9 25 30 41 42 9
81 10.10.2001 7 33 37 41 47 49 1
82 13.10.2001 2 9 10 15 25 38 4
83 17.10.2001 7 23 34 35 37 42 9
84 20.10.2001 3 8 11 37 40 42 0
85 24.10.2001 4 26 27 32 40 48 1
86 27.10.2001 4 18 22 23 27 37 4
87 31.10.2001 11 18 23 26 36 38 8
88 03.11.2001 3 5 7 24 26 42 0
89 07.11.2001 3 4 7 10 17 22 0
90 10.11.2001 2 14 15 16 20 26 9
91 14.11.2001 2 3 15 22 27 42 1
92 17.11.2001 1 2 4 30 38 40 7
93 21.11.2001 14 25 34 43 44 46 3
94 24.11.2001 7 20 26 30 40 42 8
95 28.11.2001 7 22 25 36 37 48 0
96 01.12.2001 2 10 33 37 40 41 3
97 05.12.2001 3 5 18 25 46 48 8
98 08.12.2001 1 4 20 29 33 35 9
99 12.12.2001 1 15 19 30 40 47 3
100 15.12.2001 19 27 31 39 40 44 2
101 19.12.2001 1 19 24 43 44 46 8
102 22.12.2001 12 18 25 47 48 49 6
103 26.12.2001 2 22 23 28 40 49 7
104 29.12.2001 2 8 11 44 46 48 9
1 02.01.2002 13 21 25 34 35 46 1
2 05.01.2002 12 24 27 29 43 49 1
3 09.01.2002 4 24 37 39 43 47 8
4 12.01.2002 3 11 13 25 30 37 7
5 16.01.2002 19 22 25 26 28 42 3
6 19.01.2002 2 8 16 20 42 46 6
7 23.01.2002 21 31 32 34 38 46 6
8 26.01.2002 1 11 12 26 42 47 0
9 30.01.2002 7 13 29 39 42 46 6
10 02.02.2002 3 18 27 31 36 47 3
11 06.02.2002 6 18 25 33 34 45 3
12 09.02.2002 7 10 21 31 41 45 1
13 13.02.2002 1 5 6 11 17 45 4
14 16.02.2002 1 8 9 29 33 48 1
15 20.02.2002 2 11 22 25 38 40 6
16 23.02.2002 7 22 23 38 47 49 8
17 27.02.2002 4 17 25 32 37 45 5
18 02.03.2002 4 20 28 30 47 49 5
19 06.03.2002 7 11 22 25 33 44 1
20 09.03.2002 4 5 38 40 43 44 5
21 13.03.2002 30 31 32 33 37 43 7
22 16.03.2002 2 7 25 27 39 44 9
23 20.03.2002 4 9 13 35 40 44 6
24 23.03.2002 10 15 17 18 47 48 8
25 27.03.2002 1 5 8 27 36 48 6
26 30.03.2002 4 8 37 38 43 44 7
27 03.04.2002 8 13 16 20 33 37 0
28 06.04.2002 5 7 17 23 24 46 1
29 10.04.2002 9 13 16 18 38 41 7
30 13.04.2002 9 18 27 29 33 36 9
31 17.04.2002 3 4 13 34 43 47 5
32 20.04.2002 6 7 11 39 42 49 9
33 24.04.2002 4 15 42 43 46 48 9
34 27.04.2002 1 6 8 10 21 42 2
35 01.05.2002 1 8 11 22 26 42 0
36 04.05.2002 32 34 38 39 47 49 8
37 08.05.2002 4 35 36 38 43 46 9
38 11.05.2002 14 16 29 40 43 46 8
39 15.05.2002 13 23 26 27 34 46 6
40 18.05.2002 9 15 34 38 43 44 4
41 22.05.2002 4 8 21 25 33 41 7
42 25.05.2002 1 5 7 19 22 31 3
43 29.05.2002 1 5 7 14 22 42 6
44 01.06.2002 3 7 11 18 36 48 7
45 05.06.2002 16 25 28 41 44 47 4
46 08.06.2002 6 11 28 34 38 46 7
47 12.06.2002 17 23 29 36 41 43 6
48 15.06.2002 5 16 23 36 37 39 2
49 19.06.2002 13 14 30 37 41 42 1
50 22.06.2002 7 8 10 18 27 49 6
51 26.06.2002 11 21 32 41 42 46 4
52 29.06.2002 5 6 25 29 30 44 4
53 03.07.2002 7 9 12 13 14 49 5
54 06.07.2002 6 13 16 19 39 45 8
55 10.07.2002 4 17 25 40 47 48 2
56 13.07.2002 1 2 21 30 36 43 5
57 17.07.2002 14 21 26 27 28 39 4
58 20.07.2002 3 11 24 31 34 36 3
59 24.07.2002 11 12 18 19 41 42 6
60 27.07.2002 8 10 26 39 40 41 9
61 31.07.2002 4 12 16 26 34 40 0
62 03.08.2002 5 7 18 26 27 44 8
63 07.08.2002 4 9 14 38 41 45 4
64 10.08.2002 9 10 13 26 31 34 2
65 14.08.2002 1 11 18 22 26 31 3
66 17.08.2002 4 5 7 20 29 44 2
67 21.08.2002 9 15 22 26 34 41 0
68 24.08.2002 3 16 19 25 27 34 4
69 28.08.2002 13 22 34 36 37 44 7
70 31.08.2002 21 35 39 40 41 43 2
71 04.09.2002 27 29 34 38 41 44 5
72 07.09.2002 16 17 18 19 29 37 6
73 11.09.2002 12 23 24 25 28 45 1
74 14.09.2002 8 20 23 27 30 39 4
75 18.09.2002 20 24 25 37 39 49 1
76 21.09.2002 8 11 14 36 37 48 9
77 25.09.2002 3 4 7 25 36 38 5
78 28.09.2002 6 10 12 28 29 40 0
79 02.10.2002 4 18 21 27 38 46 9
80 05.10.2002 1 11 26 30 33 39 5
81 09.10.2002 7 19 31 34 37 42 3
82 12.10.2002 6 7 12 16 17 35 0
83 16.10.2002 9 11 21 25 37 40 2
84 19.10.2002 1 21 28 34 42 43 5
85 23.10.2002 1 5 13 14 31 37 7
86 26.10.2002 15 16 30 34 41 43 4
87 30.10.2002 7 25 30 31 34 49 6
88 02.11.2002 5 7 17 30 34 44 8
89 06.11.2002 21 23 29 33 43 44 4
90 09.11.2002 1 24 27 32 38 43 6
91 13.11.2002 6 8 19 26 34 47 5
92 16.11.2002 3 7 13 14 24 44 4
93 20.11.2002 22 24 26 31 40 49 5
94 23.11.2002 12 16 32 34 43 44 3
95 27.11.2002 18 21 23 32 39 44 3
96 30.11.2002 7 9 10 11 43 47 7
97 04.12.2002 3 6 9 26 30 46 1
98 07.12.2002 6 8 9 24 34 40 1
99 11.12.2002 9 11 23 32 33 39 3
100 14.12.2002 3 6 13 17 22 38 2
101 18.12.2002 24 30 36 37 44 48 4
102 21.12.2002 11 12 19 22 41 48 8
103 25.12.2002 6 14 17 25 34 49 6
104 28.12.2002 13 17 24 27 35 42 4
1 01.01.2003 11 14 36 41 42 45 2
2 04.01.2003 6 17 18 19 24 44 6
3 08.01.2003 2 27 30 31 32 37 5
4 11.01.2003 9 12 32 38 43 48 7
5 15.01.2003 3 5 29 37 42 49 0
6 18.01.2003 6 17 35 39 41 49 8
7 22.01.2003 2 14 19 27 40 44 2
8 25.01.2003 6 9 13 18 37 47 9
9 29.01.2003 24 27 30 33 35 47 6
10 01.02.2003 20 36 38 43 44 47 7
11 05.02.2003 8 11 12 23 35 47 6
12 08.02.2003 8 25 32 33 38 48 9
13 12.02.2003 10 31 33 35 41 42 7
14 15.02.2003 4 6 12 18 24 30 4
15 19.02.2003 19 23 24 34 40 43 5
16 22.02.2003 8 22 23 31 35 49 5
17 26.02.2003 10 11 14 17 19 39 9
18 01.03.2003 10 14 18 30 40 45 8
19 05.03.2003 4 20 26 36 43 49 0
20 08.03.2003 12 14 17 39 45 46 7
21 12.03.2003 6 7 19 33 34 37 5
22 15.03.2003 7 13 33 42 46 47 6
23 19.03.2003 9 16 20 23 33 37 1
24 22.03.2003 17 28 36 44 45 47 7
25 26.03.2003 15 16 25 32 37 44 7
26 29.03.2003 14 16 18 22 43 46 5
27 02.04.2003 1 14 16 17 19 21 9
28 05.04.2003 1 3 9 19 42 47 1
29 09.04.2003 5 11 17 20 39 48 3
30 12.04.2003 13 14 27 32 34 40 1
31 16.04.2003 4 5 8 34 35 42 6
32 19.04.2003 3 4 10 16 31 46 1
33 23.04.2003 5 6 9 14 25 46 7
34 26.04.2003 8 17 24 26 31 45 9
35 30.04.2003 17 22 23 26 30 45 7
36 03.05.2003 5 14 23 32 41 48 3
37 07.05.2003 9 12 13 25 29 33 2
38 10.05.2003 7 9 11 13 20 38 4
39 14.05.2003 15 25 28 38 40 45 6
40 17.05.2003 1 10 22 35 37 44 3
41 21.05.2003 10 19 28 29 33 35 2
42 24.05.2003 3 14 15 28 33 46 5
43 28.05.2003 8 20 31 39 40 46 5
44 31.05.2003 12 21 24 26 29 38 1
45 04.06.2003 3 11 32 34 36 43 5
46 07.06.2003 2 34 37 38 41 44 7
47 11.06.2003 6 20 22 31 38 49 9
48 14.06.2003 2 5 21 23 38 48 1
49 18.06.2003 10 12 13 24 37 41 5
50 21.06.2003 17 19 23 26 34 47 8
51 25.06.2003 5 10 11 27 39 48 3
52 28.06.2003 9 13 14 16 28 47 0
53 02.07.2003 1 14 20 29 45 46 2
54 05.07.2003 2 8 10 39 45 46 6
55 09.07.2003 2 7 9 36 42 46 6
56 12.07.2003 4 5 21 25 28 47 5
57 16.07.2003 5 10 15 23 29 33 8
58 19.07.2003 15 18 24 28 30 44 1
59 23.07.2003 2 15 17 41 42 49 6
60 26.07.2003 6 7 18 31 36 37 8
61 30.07.2003 8 17 37 39 40 45 6
62 02.08.2003 1 2 3 12 15 21 3
63 06.08.2003 7 17 25 35 38 45 6
64 09.08.2003 1 2 11 12 31 34 8
65 13.08.2003 3 6 9 18 27 48 5
66 16.08.2003 4 12 14 17 38 45 6
67 20.08.2003 24 38 42 44 45 48 5
68 23.08.2003 2 6 7 15 31 34 6
69 27.08.2003 5 8 19 23 35 48 0
70 30.08.2003 7 19 25 33 42 49 7
71 03.09.2003 4 5 9 16 18 43 6
72 06.09.2003 4 8 15 16 18 26 9
73 10.09.2003 17 19 20 35 40 48 3
74 13.09.2003 11 18 19 22 25 42 2
75 17.09.2003 3 13 23 34 35 48 5
76 20.09.2003 3 11 26 27 34 47 8
77 24.09.2003 17 20 22 25 43 46 6
78 27.09.2003 7 17 35 39 40 44 5
79 01.10.2003 5 9 14 18 32 38 4
80 04.10.2003 11 16 19 25 30 49 1
81 08.10.2003 8 15 16 34 40 46 3
82 11.10.2003 7 28 31 33 35 47 6
83 15.10.2003 1 4 24 31 32 33 4
84 18.10.2003 4 15 32 35 37 41 0
85 22.10.2003 1 6 8 19 26 44 3
86 25.10.2003 24 25 27 35 38 49 9
87 29.10.2003 9 11 20 25 43 47 8
88 01.11.2003 4 18 21 22 32 43 5
89 05.11.2003 8 10 13 27 32 48 6
90 08.11.2003 16 27 31 41 44 47 9
91 12.11.2003 10 14 25 36 41 46 0
92 15.11.2003 4 19 22 33 36 38 8
93 19.11.2003 5 10 18 27 32 39 6
94 22.11.2003 5 8 25 31 37 39 8
95 26.11.2003 5 26 27 28 29 37 2
96 29.11.2003 4 8 28 31 48 49 7
97 03.12.2003 9 16 18 41 47 48 4
98 06.12.2003 20 24 33 35 41 43 2
99 10.12.2003 1 9 15 24 30 43 5
100 13.12.2003 5 11 26 29 30 44 9
101 17.12.2003 5 11 14 20 39 40 3
102 20.12.2003 2 24 30 31 37 43 5
103 24.12.2003 4 6 9 14 27 31 4
104 27.12.2003 7 17 24 35 36 40 0
105 31.12.2003 4 6 22 31 39 47 8
1 03.01.2004 5 15 16 37 41 48 7
2 07.01.2004 10 12 24 44 45 49 7
3 10.01.2004 9 13 14 33 42 45 9
4 14.01.2004 5 17 19 21 23 28 7
5 17.01.2004 20 28 34 35 40 49 0
6 21.01.2004 5 22 29 30 33 49 4
7 24.01.2004 9 12 14 20 26 48 4
8 28.01.2004 15 17 18 27 33 38 2
9 31.01.2004 16 22 30 32 48 49 6
10 04.02.2004 1 2 16 21 31 41 4
11 07.02.2004 14 17 20 23 26 28 1
12 11.02.2004 4 17 27 28 34 39 9
13 14.02.2004 23 25 32 35 37 46 8
14 18.02.2004 20 27 30 40 46 48 3
15 21.02.2004 5 9 14 28 38 49 1
16 25.02.2004 5 11 13 21 28 49 4
17 28.02.2004 1 6 18 24 29 38 5
18 03.03.2004 20 22 29 44 46 49 7
19 06.03.2004 1 3 24 37 38 46 4
20 10.03.2004 4 8 17 38 40 47 2
21 13.03.2004 6 20 21 28 32 48 9
22 17.03.2004 1 12 15 21 29 34 4
23 20.03.2004 3 10 16 24 27 32 4
24 24.03.2004 3 8 9 11 31 44 6
25 27.03.2004 26 28 30 40 47 49 0
26 31.03.2004 13 20 22 23 25 35 4
27 03.04.2004 1 2 10 16 30 43 3
28 07.04.2004 4 6 10 33 34 45 4
29 10.04.2004 3 5 25 43 47 49 6
30 14.04.2004 4 12 13 38 43 47 1
31 17.04.2004 18 24 26 29 32 33 8
32 21.04.2004 1 3 32 33 46 47 1
33 24.04.2004 1 13 30 33 37 40 3
34 28.04.2004 25 29 34 43 45 48 6
35 01.05.2004 8 9 22 27 29 49 6
36 05.05.2004 6 12 25 31 41 46 8
37 08.05.2004 4 11 33 37 43 44 7
38 12.05.2004 5 7 13 23 28 38 7
39 15.05.2004 3 8 23 29 32 34 1
40 19.05.2004 3 13 19 24 27 44 7
41 22.05.2004 5 18 26 31 43 44 7
42 26.05.2004 8 12 17 21 35 40 0
43 29.05.2004 3 4 14 18 24 40 8
44 02.06.2004 10 17 32 38 41 43 4
45 05.06.2004 15 19 31 34 41 44 7
46 09.06.2004 5 11 16 28 32 40 4
47 12.06.2004 3 6 12 13 30 36 9
48 16.06.2004 2 11 14 22 34 47 7
49 19.06.2004 19 22 26 27 31 40 4
50 23.06.2004 8 13 14 19 39 44 4
51 26.06.2004 18 30 31 33 35 40 2
52 30.06.2004 6 8 15 27 33 34 9
53 03.07.2004 4 16 17 20 36 49 5
54 07.07.2004 4 11 12 26 41 45 8
55 10.07.2004 2 4 31 39 40 46 5
56 14.07.2004 6 7 8 34 42 48 4
57 17.07.2004 10 23 24 25 27 41 0
58 21.07.2004 10 11 38 43 45 47 0
59 24.07.2004 2 9 13 27 37 48 0
60 28.07.2004 3 13 30 35 41 49 3
61 31.07.2004 3 6 9 33 44 48 5
62 04.08.2004 8 17 19 33 43 45 3
63 07.08.2004 5 7 26 35 39 45 6
64 11.08.2004 12 18 23 27 32 46 4
65 14.08.2004 3 12 37 40 48 49 1
66 18.08.2004 5 7 8 14 23 33 2
67 21.08.2004 1 6 21 27 31 47 0
68 25.08.2004 2 5 13 19 30 47 9
69 28.08.2004 1 12 21 31 36 40 6
70 01.09.2004 17 31 32 41 42 43 4
71 04.09.2004 1 3 4 11 19 40 4
72 08.09.2004 3 9 20 38 39 45 2
73 11.09.2004 6 10 12 16 17 31 9
74 15.09.2004 1 26 27 28 29 31 6
75 18.09.2004 1 5 17 22 26 41 0
76 22.09.2004 2 6 12 14 28 40 4
77 25.09.2004 5 7 28 33 39 42 2
78 29.09.2004 1 14 28 29 43 45 1
79 02.10.2004 11 19 28 29 42 45 5
80 06.10.2004 9 23 29 37 39 43 0
81 09.10.2004 11 15 21 22 27 47 9
82 13.10.2004 11 12 13 20 32 42 8
83 16.10.2004 6 7 21 23 28 29 7
84 20.10.2004 6 7 10 18 35 43 3
85 23.10.2004 26 29 32 34 40 48 7
86 27.10.2004 7 27 29 31 37 38 3
87 30.10.2004 10 27 30 39 40 47 7
88 03.11.2004 5 8 15 22 35 48 5
89 06.11.2004 16 24 33 36 45 47 9
90 10.11.2004 7 8 19 25 28 45 4
91 13.11.2004 5 27 41 42 43 46 9
92 17.11.2004 5 15 17 24 26 43 9
93 20.11.2004 7 18 19 33 46 49 6
94 24.11.2004 7 8 31 35 36 49 5
95 27.11.2004 18 27 36 39 41 47 0
96 01.12.2004 3 10 13 28 38 45 2
97 04.12.2004 2 8 17 36 38 40 1
98 08.12.2004 4 14 15 25 30 32 3
99 11.12.2004 3 7 9 33 35 42 2
100 15.12.2004 6 13 19 34 45 48 9
101 18.12.2004 1 10 12 16 22 30 9
102 22.12.2004 5 15 16 19 20 43 0
103 25.12.2004 9 13 22 41 47 48 6
104 29.12.2004 4 5 25 26 28 39 7
1 01.01.2005 2 21 22 27 36 44 2
2 05.01.2005 1 11 20 24 26 41 8
3 08.01.2005 2 5 14 35 39 42 8
4 12.01.2005 3 5 6 10 30 45 3
5 15.01.2005 6 17 28 37 41 45 3
6 19.01.2005 7 8 14 36 39 45 3
7 22.01.2005 2 4 23 35 39 47 9
8 26.01.2005 4 24 32 36 42 45 0
9 29.01.2005 9 14 21 23 28 36 4
10 02.02.2005 6 22 26 30 36 44 1
11 05.02.2005 7 11 17 18 21 42 8
12 09.02.2005 10 15 19 39 44 46 3
13 12.02.2005 16 27 31 33 36 41 1
14 16.02.2005 1 6 10 19 22 46 1
15 19.02.2005 9 26 36 41 42 45 6
16 23.02.2005 20 34 37 38 39 45 5
17 26.02.2005 1 7 16 23 25 37 0
18 02.03.2005 9 24 25 27 35 39 0
19 05.03.2005 5 8 16 26 43 47 2
20 09.03.2005 7 16 27 33 35 44 0
21 12.03.2005 2 3 6 20 24 39 5
22 16.03.2005 4 6 16 29 33 40 5
23 19.03.2005 4 5 7 9 48 49 3
24 23.03.2005 18 21 32 33 45 48 1
25 26.03.2005 2 7 21 34 35 48 6
26 30.03.2005 1 3 7 14 40 46 9
27 02.04.2005 5 8 18 37 43 49 6
28 06.04.2005 6 14 28 32 43 47 8
29 09.04.2005 11 29 30 32 39 40 5
30 13.04.2005 15 22 26 28 36 42 2
31 16.04.2005 1 18 19 24 26 36 7
32 20.04.2005 6 9 16 20 25 43 9
33 23.04.2005 4 7 13 21 37 49 9
34 27.04.2005 5 6 18 27 41 48 1
35 30.04.2005 8 18 22 31 34 48 3
36 04.05.2005 3 7 21 24 30 39 0
37 07.05.2005 6 9 25 29 38 43 4
38 11.05.2005 2 18 22 46 47 49 6
39 14.05.2005 14 25 30 35 37 38 6
40 18.05.2005 1 18 20 26 27 44 2
41 21.05.2005 2 21 37 40 41 49 4
42 25.05.2005 22 23 33 43 47 49 0
43 28.05.2005 6 7 28 29 34 43 5
44 01.06.2005 2 15 29 32 33 39 2
45 04.06.2005 1 6 19 25 43 47 8
46 08.06.2005 6 10 23 25 45 49 7
47 11.06.2005 9 13 18 24 29 30 8
48 15.06.2005 11 12 14 18 31 32 3
49 18.06.2005 8 18 26 27 28 49 9
50 22.06.2005 5 33 40 41 44 48 5
51 25.06.2005 5 17 20 21 24 40 9
52 29.06.2005 7 16 18 25 26 41 1
53 02.07.2005 1 12 17 29 40 41 4
54 06.07.2005 11 16 29 35 38 47 8
55 09.07.2005 4 5 27 40 42 48 3
56 13.07.2005 10 14 18 24 39 47 9
57 16.07.2005 1 25 30 31 42 49 1
58 20.07.2005 4 10 19 25 33 43 3
59 23.07.2005 2 14 37 45 46 47 9
60 27.07.2005 15 16 25 27 38 47 8
61 30.07.2005 12 19 22 42 43 45 1
62 03.08.2005 4 7 10 12 24 33 7
63 06.08.2005 1 7 23 24 33 42 5
64 10.08.2005 8 9 16 20 35 45 1
65 13.08.2005 10 25 26 34 35 44 4
66 17.08.2005 9 10 16 22 23 45 0
67 20.08.2005 1 2 17 18 22 40 5
68 24.08.2005 7 11 22 38 43 49 8
69 27.08.2005 1 9 23 38 42 47 7
70 31.08.2005 1 8 12 15 24 29 3
71 03.09.2005 5 20 24 41 46 49 8
72 07.09.2005 2 6 7 20 24 33 8
73 10.09.2005 17 19 27 31 37 48 1
74 14.09.2005 10 22 26 35 41 47 4
75 17.09.2005 8 16 17 28 29 43 9
76 21.09.2005 14 22 28 36 38 46 8
77 24.09.2005 9 23 25 26 40 48 9
78 28.09.2005 11 25 28 32 37 44 7
79 01.10.2005 9 14 20 37 44 47 0
80 05.10.2005 11 19 23 30 36 47 0
81 08.10.2005 5 6 14 25 43 49 8
82 12.10.2005 2 3 10 35 36 41 7
83 15.10.2005 3 9 15 36 40 43 8
84 19.10.2005 1 23 24 26 30 35 3
85 22.10.2005 4 9 11 26 31 47 2
86 26.10.2005 9 19 21 24 34 35 7
87 29.10.2005 2 5 11 18 30 31 4
88 02.11.2005 13 14 16 17 25 27 0
89 05.11.2005 5 7 29 40 46 47 1
90 09.11.2005 4 19 26 30 46 47 0
91 12.11.2005 12 16 28 33 36 40 8
92 16.11.2005 2 16 17 23 27 38 0
93 19.11.2005 1 4 30 38 40 49 7
94 23.11.2005 15 18 24 45 47 49 4
95 26.11.2005 5 12 21 32 34 40 4
96 30.11.2005 20 22 25 35 40 46 2
97 03.12.2005 2 6 17 36 47 49 3
98 07.12.2005 7 28 29 34 35 47 0
99 10.12.2005 2 7 28 30 33 46 6
100 14.12.2005 16 25 39 40 41 49 7
101 17.12.2005 3 9 10 22 41 42 8
102 21.12.2005 9 18 24 26 30 34 1
103 24.12.2005 8 19 24 30 36 38 0
104 28.12.2005 7 11 36 40 41 49 7
105 31.12.2005 13 21 35 36 42 44 3
1 04.01.2006 5 11 12 13 20 41 7
2 07.01.2006 3 17 19 21 26 31 5
3 11.01.2006 1 4 5 16 19 26 3
4 14.01.2006 10 14 19 27 31 39 0
5 18.01.2006 12 13 14 18 27 44 7
6 21.01.2006 6 17 20 27 35 39 4
7 25.01.2006 4 13 17 23 36 49 0
8 28.01.2006 5 33 37 38 40 49 3
9 01.02.2006 7 13 22 23 35 38 6
10 04.02.2006 26 27 28 35 39 43 4
11 08.02.2006 1 5 6 12 29 34 1
12 11.02.2006 1 10 14 26 45 49 8
13 15.02.2006 11 17 19 20 26 30 3
14 18.02.2006 4 5 6 18 21 40 7
15 22.02.2006 6 7 14 15 30 48 5
16 25.02.2006 9 10 17 18 21 36 5
17 01.03.2006 2 19 22 37 41 48 9
18 04.03.2006 7 11 17 23 36 37 5
19 08.03.2006 4 9 15 19 30 33 8
20 11.03.2006 3 9 12 36 46 48 8
21 15.03.2006 1 3 9 10 14 38 2
22 18.03.2006 5 9 17 38 43 47 3
23 22.03.2006 3 4 9 19 24 40 3
24 25.03.2006 3 10 12 21 28 32 3
25 29.03.2006 3 10 16 17 26 30 3
26 01.04.2006 4 6 21 25 35 39 3
27 05.04.2006 9 21 27 30 32 46 1
28 08.04.2006 3 10 17 25 44 46 7
29 12.04.2006 15 20 23 46 47 48 9
30 15.04.2006 2 4 5 8 18 40 7
31 19.04.2006 11 13 18 32 41 47 4
32 22.04.2006 3 9 24 35 39 44 5
33 26.04.2006 12 16 17 31 34 43 7
34 29.04.2006 12 22 25 37 38 48 1
35 03.05.2006 5 10 18 23 35 44 7
36 06.05.2006 5 15 26 28 31 37 8
37 10.05.2006 6 24 33 35 39 47 4
38 13.05.2006 9 12 26 27 40 45 1
39 17.05.2006 1 22 31 35 40 45 3
40 20.05.2006 10 19 25 40 42 49 7
41 24.05.2006 2 17 21 31 45 47 8
42 27.05.2006 14 22 29 30 35 43 4
43 31.05.2006 11 26 33 45 48 49 4
44 03.06.2006 1 3 10 17 24 49 8
45 07.06.2006 1 7 23 29 34 45 4
46 10.06.2006 13 19 20 25 29 44 3
47 14.06.2006 5 7 12 17 29 45 4
48 17.06.2006 10 31 40 41 45 49 9
49 21.06.2006 18 19 34 43 45 48 3
50 24.06.2006 5 13 22 30 47 48 3
51 28.06.2006 4 6 8 14 41 42 1
52 01.07.2006 6 12 18 25 27 35 3
53 05.07.2006 7 10 19 32 34 41 9
54 08.07.2006 9 24 28 30 31 49 6
55 12.07.2006 6 22 27 34 35 43 5
56 15.07.2006 5 25 28 30 40 41 0
57 19.07.2006 5 25 31 44 46 47 0
58 22.07.2006 3 5 25 31 37 41 8
59 26.07.2006 4 11 18 20 30 49 5
60 29.07.2006 13 17 21 25 34 48 0
61 02.08.2006 16 20 23 28 40 43 1
62 05.08.2006 1 7 9 12 43 46 6
63 09.08.2006 4 29 30 33 36 39 5
64 12.08.2006 1 5 14 32 42 48 2
65 16.08.2006 2 19 30 32 41 48 2
66 19.08.2006 4 5 8 24 33 43 4
67 23.08.2006 2 9 12 28 30 38 0
68 26.08.2006 1 4 20 24 25 39 8
69 30.08.2006 21 22 25 37 45 48 1
70 02.09.2006 6 34 36 38 46 48 0
71 06.09.2006 3 5 25 38 39 40 2
72 09.09.2006 2 13 23 42 43 47 1
73 13.09.2006 10 14 17 22 31 39 5
74 16.09.2006 5 7 9 16 17 47 5
75 20.09.2006 1 3 15 22 24 36 3
76 23.09.2006 3 14 31 35 38 48 3
77 27.09.2006 13 20 27 33 38 45 6
78 30.09.2006 10 17 27 35 42 46 2
79 04.10.2006 6 8 12 33 38 42 6
80 07.10.2006 28 30 31 34 41 48 4
81 11.10.2006 19 26 30 40 43 45 4
82 14.10.2006 6 7 30 33 34 39 6
83 18.10.2006 1 8 25 36 37 40 3
84 21.10.2006 1 17 21 24 39 47 8
85 25.10.2006 11 12 30 32 33 46 3
86 28.10.2006 1 7 30 44 48 49 0
87 01.11.2006 10 14 23 40 42 48 0
88 04.11.2006 6 14 28 31 39 46 2
89 08.11.2006 6 10 15 20 27 37 3
90 11.11.2006 1 13 19 28 47 49 4
91 15.11.2006 2 7 21 26 27 49 6
92 18.11.2006 1 2 8 28 38 43 4
93 22.11.2006 12 22 29 33 34 42 4
94 25.11.2006 27 33 34 41 42 49 9
95 29.11.2006 2 13 20 28 42 45 6
96 02.12.2006 4 9 17 42 44 45 2
97 06.12.2006 2 3 6 23 35 39 2
98 09.12.2006 7 12 24 26 33 34 7
99 13.12.2006 5 6 18 20 22 45 8
100 16.12.2006 4 19 23 31 48 49 0
101 20.12.2006 4 10 29 44 46 49 5
102 23.12.2006 3 11 16 36 38 41 3
103 27.12.2006 9 13 15 26 38 43 3
104 30.12.2006 1 16 23 39 44 47 9
1 03.01.2007 2 4 30 35 36 45 1
2 06.01.2007 5 10 11 35 38 39 2
3 10.01.2007 4 6 27 36 37 40 4
4 13.01.2007 8 19 29 38 41 47 9
5 17.01.2007 9 12 14 27 32 46 9
6 20.01.2007 19 27 28 33 36 38 9
7 24.01.2007 8 10 11 33 34 42 7
8 27.01.2007 15 18 27 40 44 45 1
9 31.01.2007 3 8 10 20 26 44 2
10 03.02.2007 5 18 21 27 34 36 7
11 07.02.2007 6 7 11 16 23 48 1
12 10.02.2007 4 16 20 26 32 38 4
13 14.02.2007 7 8 24 33 44 45 8
14 17.02.2007 1 14 31 34 39 49 2
15 21.02.2007 13 14 23 38 41 43 8
16 24.02.2007 8 11 13 14 33 36 4
17 28.02.2007 13 14 26 28 31 43 8
18 03.03.2007 4 7 16 23 26 29 9
19 07.03.2007 9 17 19 24 43 49 7
20 10.03.2007 5 18 23 30 42 49 0
21 14.03.2007 3 5 15 22 24 37 5
22 17.03.2007 6 9 10 11 22 26 2
23 21.03.2007 2 3 6 11 31 33 7
24 24.03.2007 1 24 25 28 29 32 4
25 28.03.2007 3 11 15 26 27 41 0
26 31.03.2007 2 15 28 31 33 35 8
27 04.04.2007 3 5 7 21 31 43 4
28 07.04.2007 6 8 17 29 33 49 9
29 11.04.2007 7 10 15 17 22 47 0
30 14.04.2007 34 37 41 44 45 49 5
31 18.04.2007 14 22 31 37 39 45 6
32 21.04.2007 1 3 6 13 19 46 6
33 25.04.2007 7 13 34 36 42 43 5
34 28.04.2007 8 15 19 30 37 39 5
35 02.05.2007 22 23 30 34 40 48 5
36 05.05.2007 13 15 20 32 37 49 1
37 09.05.2007 8 15 22 44 46 47 0
38 12.05.2007 17 21 22 28 31 42 7
39 16.05.2007 10 12 16 23 40 42 2
40 19.05.2007 4 7 9 21 29 34 7
41 23.05.2007 9 10 19 20 31 45 8
42 26.05.2007 1 17 25 26 41 42 7
43 30.05.2007 14 18 23 27 34 39 2
44 02.06.2007 13 18 24 28 31 44 1
45 06.06.2007 4 12 25 29 44 45 0
46 09.06.2007 19 22 23 31 32 42 1
47 13.06.2007 3 6 16 23 38 45 6
48 16.06.2007 2 18 26 34 39 49 0
49 20.06.2007 3 7 11 12 17 39 8
50 23.06.2007 10 25 29 33 36 41 3
51 27.06.2007 3 4 8 10 17 34 1
52 30.06.2007 1 2 5 16 31 36 9
53 04.07.2007 16 20 21 24 30 38 3
54 07.07.2007 8 11 23 25 27 34 7
55 11.07.2007 6 15 28 46 47 49 8
56 14.07.2007 3 9 10 11 23 33 5
57 18.07.2007 4 20 24 27 36 39 5
58 21.07.2007 4 14 20 29 36 44 5
59 25.07.2007 13 20 23 26 35 43 6
60 28.07.2007 6 8 14 18 28 33 9
61 01.08.2007 7 14 17 33 40 42 5
62 04.08.2007 4 7 20 30 32 43 8
63 08.08.2007 7 13 17 24 37 44 3
64 11.08.2007 4 6 11 17 19 42 1
65 15.08.2007 1 13 27 28 31 37 7
66 18.08.2007 1 8 11 23 24 45 5
67 22.08.2007 14 31 33 38 39 49 4
68 25.08.2007 11 22 30 44 48 49 4
69 29.08.2007 2 7 16 20 31 43 5
70 01.09.2007 8 26 33 41 43 45 6
71 05.09.2007 1 9 24 30 31 48 4
72 08.09.2007 2 14 26 27 31 34 4
73 12.09.2007 1 28 31 36 38 49 6
74 15.09.2007 1 21 27 28 36 49 0
75 19.09.2007 6 14 28 32 34 40 0
76 22.09.2007 3 6 11 34 36 41 2
77 26.09.2007 11 15 31 34 39 43 7
78 29.09.2007 9 20 22 27 29 40 0
79 03.10.2007 2 14 33 42 48 49 9
80 06.10.2007 3 6 12 25 26 45 2
81 10.10.2007 13 15 25 29 34 36 7
82 13.10.2007 3 9 10 24 41 47 1
83 17.10.2007 22 26 34 42 43 46 9
84 20.10.2007 17 28 34 36 37 49 4
85 24.10.2007 7 14 15 20 23 46 2
86 27.10.2007 3 4 8 12 16 47 7
87 31.10.2007 6 22 29 34 46 49 6
88 03.11.2007 2 11 13 15 21 41 8
89 07.11.2007 6 10 18 28 33 38 8
90 10.11.2007 1 3 5 12 15 41 4
91 14.11.2007 2 8 27 45 47 48 5
92 17.11.2007 1 9 15 26 30 42 1
93 21.11.2007 25 34 40 41 43 47 8
94 24.11.2007 13 14 39 42 45 49 4
95 28.11.2007 7 8 10 16 40 49 0
96 01.12.2007 12 21 23 29 35 41 0
97 05.12.2007 9 10 24 28 39 42 3
98 08.12.2007 1 2 19 24 25 47 0
99 12.12.2007 10 13 23 34 44 46 1
100 15.12.2007 3 13 18 26 37 49 6
101 19.12.2007 3 7 29 32 37 45 0
102 22.12.2007 9 10 33 34 41 45 9
103 26.12.2007 12 13 17 20 31 37 2
104 29.12.2007 2 12 23 26 28 42 5
1 02.01.2008 2 7 10 27 30 49 2
2 05.01.2008 9 10 17 33 37 45 7
3 09.01.2008 26 28 30 38 40 41 2
4 12.01.2008 3 4 10 11 45 47 7
5 16.01.2008 8 16 19 27 47 48 0
6 19.01.2008 7 20 22 23 30 31 2
7 23.01.2008 10 11 15 16 28 37 1
8 26.01.2008 4 6 10 20 26 37 8
9 30.01.2008 6 7 12 27 46 48 8
10 02.02.2008 6 9 14 27 28 39 2
11 06.02.2008 4 6 25 26 41 49 9
12 09.02.2008 1 10 13 25 27 45 2
13 13.02.2008 1 7 20 25 33 42 0
14 16.02.2008 6 7 11 22 43 44 6
15 20.02.2008 1 18 22 23 37 42 7
16 23.02.2008 1 12 13 39 40 44 7
17 27.02.2008 9 18 21 34 36 39 0
18 01.03.2008 4 5 19 20 22 39 2
19 05.03.2008 6 12 16 18 34 44 7
20 08.03.2008 6 9 12 22 35 37 8
21 12.03.2008 2 9 22 24 37 44 8
22 15.03.2008 5 7 26 33 40 42 6
23 19.03.2008 4 21 22 34 43 48 4
24 22.03.2008 6 11 31 34 42 43 5
25 26.03.2008 10 17 28 29 34 36 4
26 29.03.2008 10 21 23 29 31 37 8
27 02.04.2008 1 14 31 33 36 48 2
28 05.04.2008 3 5 9 27 34 48 1
29 09.04.2008 2 8 27 31 35 42 4
30 12.04.2008 5 22 23 34 41 42 2
31 16.04.2008 9 10 11 28 40 46 1
32 19.04.2008 10 13 23 24 38 48 7
33 23.04.2008 2 8 26 32 35 39 9
34 26.04.2008 3 8 14 25 33 43 3
35 30.04.2008 4 5 37 39 40 45 3
36 03.05.2008 8 10 20 29 30 44 7
37 07.05.2008 16 24 30 31 36 49 9
38 10.05.2008 9 11 12 23 24 31 2
39 14.05.2008 8 13 18 29 38 41 1
40 17.05.2008 8 20 22 25 34 35 7
41 21.05.2008 2 10 16 21 45 48 0
42 24.05.2008 2 6 9 34 37 46 5
43 28.05.2008 3 9 24 31 32 34 6
44 31.05.2008 7 12 17 22 27 41 6
45 04.06.2008 7 8 27 30 43 47 4
46 07.06.2008 7 17 19 20 42 47 4
47 11.06.2008 16 24 31 41 44 47 2
48 14.06.2008 21 24 30 32 36 44 1
49 18.06.2008 3 4 32 39 40 43 5
50 21.06.2008 2 15 30 32 43 45 5
51 25.06.2008 13 20 30 32 37 47 4
52 28.06.2008 5 7 9 21 30 46 6
53 02.07.2008 1 9 12 22 23 27 6
54 05.07.2008 6 7 11 15 42 49 2
55 09.07.2008 9 11 12 21 34 44 4
56 12.07.2008 2 4 10 22 27 40 7
57 16.07.2008 15 17 24 27 32 37 2
58 19.07.2008 8 15 20 38 41 43 0
59 23.07.2008 2 15 22 25 38 42 4
60 26.07.2008 10 12 15 44 47 49 4
61 30.07.2008 4 23 25 29 36 45 0
62 02.08.2008 1 4 16 34 35 46 5
63 06.08.2008 4 17 22 28 29 40 3
64 09.08.2008 16 26 30 37 38 42 1
65 13.08.2008 4 14 26 32 41 45 2
66 16.08.2008 1 8 19 22 36 42 1
67 20.08.2008 15 16 19 28 36 40 7
68 23.08.2008 4 10 20 26 28 43 7
69 27.08.2008 15 18 20 29 31 33 9
70 30.08.2008 8 11 20 21 36 48 4
71 03.09.2008 3 7 8 38 43 45 2
72 06.09.2008 14 15 20 26 35 49 1
73 10.09.2008 2 10 23 24 32 34 2
74 13.09.2008 2 3 22 27 38 48 4
75 17.09.2008 7 8 17 35 36 47 0
76 20.09.2008 4 6 7 28 34 43 6
77 24.09.2008 3 21 28 39 45 47 4
78 27.09.2008 11 27 28 29 37 39 7
79 01.10.2008 9 11 20 31 35 42 2
80 04.10.2008 4 11 12 16 21 43 1
81 08.10.2008 5 9 11 13 30 39 3
82 11.10.2008 2 5 13 18 22 29 3
83 15.10.2008 4 14 26 34 35 47 8
84 18.10.2008 1 10 21 25 35 36 9
85 22.10.2008 13 15 17 18 20 31 5
86 25.10.2008 1 24 34 43 46 47 3
87 29.10.2008 4 21 26 31 42 45 8
88 01.11.2008 6 25 26 27 28 43 3
89 05.11.2008 2 3 4 12 44 49 2
90 08.11.2008 4 9 16 25 33 42 8
91 12.11.2008 5 16 20 33 41 48 6
92 15.11.2008 3 23 31 39 41 48 5
93 19.11.2008 4 14 17 32 36 44 3
94 22.11.2008 11 12 23 35 41 42 7
95 26.11.2008 2 23 25 32 43 49 4
96 29.11.2008 7 9 12 19 22 43 5
97 03.12.2008 8 15 16 33 44 47 3
98 06.12.2008 5 7 15 23 24 32 8
99 10.12.2008 12 14 15 17 31 38 4
100 13.12.2008 6 13 18 22 44 45 8
101 17.12.2008 1 12 16 24 32 49 8
102 20.12.2008 4 11 19 28 46 48 9
103 24.12.2008 1 22 39 42 43 47 2
104 27.12.2008 3 11 13 16 24 31 0
105 31.12.2008 6 24 29 30 36 49 2
1 03.01.2009 6 10 14 21 40 46 0
2 07.01.2009 3 6 20 23 26 37 7
3 10.01.2009 6 17 18 37 41 49 4
4 14.01.2009 1 7 9 22 29 32 1
5 17.01.2009 4 12 32 38 42 46 1
6 21.01.2009 5 7 8 10 38 40 0
7 24.01.2009 2 12 14 16 36 46 0
8 28.01.2009 1 3 15 24 38 47 0
9 31.01.2009 7 9 11 14 17 31 2
10 04.02.2009 2 5 10 21 42 46 1
11 07.02.2009 2 13 15 35 39 48 3
12 11.02.2009 13 22 39 41 42 43 7
13 14.02.2009 17 28 29 40 42 47 2
14 18.02.2009 15 19 39 43 48 49 3
15 21.02.2009 3 14 18 29 31 41 7
16 25.02.2009 2 7 10 22 34 43 1
17 28.02.2009 1 15 20 21 22 33 6
18 04.03.2009 6 28 31 38 42 44 4
19 07.03.2009 7 26 33 37 38 44 8
20 11.03.2009 8 13 32 39 47 48 5
21 14.03.2009 5 8 26 44 45 49 4
22 18.03.2009 4 17 29 37 42 47 5
23 21.03.2009 10 13 21 23 34 38 5
24 25.03.2009 14 25 31 32 41 49 8
25 28.03.2009 3 4 41 44 47 49 0
26 01.04.2009 3 13 17 21 32 33 8
27 04.04.2009 1 2 11 22 26 36 4
28 08.04.2009 5 12 19 28 29 37 1
29 11.04.2009 2 3 7 17 37 38 4
30 15.04.2009 2 4 9 20 42 48 5
31 18.04.2009 2 5 10 20 25 42 7
32 22.04.2009 6 11 24 31 32 45 7
33 25.04.2009 6 11 18 19 35 43 0
34 29.04.2009 7 10 14 15 40 41 9
35 02.05.2009 2 13 17 18 26 41 0
36 06.05.2009 1 2 7 41 44 45 3
37 09.05.2009 8 22 24 30 36 40 8
38 13.05.2009 16 25 34 41 45 47 5
39 16.05.2009 15 32 35 36 42 47 8
40 20.05.2009 6 8 27 28 31 47 5
41 23.05.2009 13 14 20 28 29 33 9
42 27.05.2009 9 11 16 19 42 44 4
43 30.05.2009 17 18 21 35 36 43 9
44 03.06.2009 3 9 15 18 21 33 7
45 06.06.2009 3 10 13 23 27 35 2
46 10.06.2009 11 23 28 32 35 36 3
47 13.06.2009 4 6 38 42 46 48 7
48 17.06.2009 7 10 29 40 42 43 4
49 20.06.2009 18 26 35 37 41 46 7
50 24.06.2009 9 19 32 36 37 39 3
51 27.06.2009 3 14 37 38 45 47 1
52 01.07.2009 2 11 18 26 32 49 5
53 04.07.2009 11 15 30 31 32 39 1
54 08.07.2009 4 5 31 36 40 43 6
55 11.07.2009 1 3 12 14 27 43 0
56 15.07.2009 2 6 14 25 38 43 0
57 18.07.2009 1 2 5 9 30 45 5
58 22.07.2009 3 8 19 32 40 43 6
59 25.07.2009 6 11 23 24 31 35 0
60 29.07.2009 9 10 13 20 32 37 3
61 01.08.2009 2 16 30 35 44 46 8
62 05.08.2009 4 36 13 19 15 39 5
63 08.08.2009 9 19 32 34 38 41 2
64 12.08.2009 8 15 24 28 37 40 0
65 15.08.2009 3 5 8 23 34 42 5
66 19.08.2009 22 32 35 39 43 44 9
67 22.08.2009 8 12 14 17 22 25 9
68 26.08.2009 15 22 23 26 33 43 6
69 29.08.2009 13 23 24 35 36 44 6
70 02.09.2009 7 8 29 30 34 39 4
71 05.09.2009 4 12 24 25 26 45 8
72 09.09.2009 12 16 22 29 34 43 1
73 12.09.2009 5 19 23 34 40 41 8
74 16.09.2009 5 22 27 31 32 49 3
75 19.09.2009 11 14 17 22 33 39 0
76 23.09.2009 3 4 23 30 43 44 6
77 26.09.2009 8 9 25 33 39 45 4
78 30.09.2009 20 22 30 31 37 41 6
79 03.10.2009 11 16 19 27 34 36 4
80 07.10.2009 10 28 34 38 45 48 0
81 10.10.2009 15 16 20 24 27 40 8
82 14.10.2009 10 22 23 41 43 47 8
83 17.10.2009 24 31 39 43 44 45 4
84 21.10.2009 10 16 25 40 42 44 4
85 24.10.2009 5 18 22 24 39 48 1
86 28.10.2009 16 39 42 43 45 48 5
87 31.10.2009 7 13 21 22 25 33 7
88 04.11.2009 2 4 6 8 14 28 5
89 07.11.2009 1 9 27 28 34 37 8
90 11.11.2009 10 11 19 32 42 46 5
91 14.11.2009 1 3 10 11 25 44 8
92 18.11.2009 6 8 16 23 25 44 2
93 21.11.2009 4 8 14 24 44 47 1
94 25.11.2009 10 12 18 24 43 44 3
95 28.11.2009 24 30 33 34 36 45 6
96 02.12.2009 12 17 24 30 31 32 9
97 05.12.2009 6 7 8 16 29 42 8
98 09.12.2009 1 5 13 22 26 29 1
99 12.12.2009 4 18 22 26 38 49 5
100 16.12.2009 2 8 11 18 19 38 4
101 19.12.2009 7 14 15 18 29 47 3
102 23.12.2009 2 5 28 36 44 48 8
103 26.12.2009 7 11 16 24 39 49 8
104 30.12.2009 10 16 22 25 37 40 5
1 02.01.2010 3 6 30 31 32 43 2
2 06.01.2010 2 14 17 20 24 48 1
3 09.01.2010 2 22 24 33 37 46 9
4 13.01.2010 2 13 34 38 40 43 8
5 16.01.2010 6 7 12 17 18 34 4
6 20.01.2010 9 11 15 28 46 47 9
7 23.01.2010 14 16 21 28 31 39 5
8 27.01.2010 5 7 10 39 43 46 5
9 30.01.2010 11 13 17 34 46 49 7
10 03.02.2010 4 8 10 16 37 43 6
11 06.02.2010 10 15 22 34 41 49 2
12 10.02.2010 6 9 12 29 44 49 7
13 13.02.2010 5 11 15 20 36 48 2
14 17.02.2010 17 22 31 35 38 44 5
15 20.02.2010 2 10 20 24 25 47 3
16 24.02.2010 3 6 12 22 25 41 2
17 27.02.2010 4 6 26 30 33 45 7
18 03.03.2010 3 9 17 37 45 47 1
19 06.03.2010 13 18 27 35 38 39 2
20 10.03.2010 16 18 27 45 46 49 7
21 13.03.2010 10 15 23 24 27 35 9
22 17.03.2010 19 20 23 25 30 34 0
23 20.03.2010 6 20 21 22 24 30 0
24 24.03.2010 9 15 19 25 40 47 7
25 27.03.2010 4 10 14 36 45 49 8
26 31.03.2010 14 25 41 46 47 49 3
27 03.04.2010 12 13 24 32 40 48 8
28 07.04.2010 14 18 24 26 32 35 2
29 10.04.2010 2 3 8 34 37 47 9
30 14.04.2010 5 13 18 35 37 42 1
31 17.04.2010 10 11 16 17 35 38 1
32 21.04.2010 5 13 23 33 40 41 7
33 24.04.2010 7 12 26 29 45 46 1
34 28.04.2010 3 19 26 30 39 40 1
35 01.05.2010 10 16 19 20 37 49 4
36 05.05.2010 11 12 17 19 36 44 7
37 08.05.2010 16 31 36 39 40 49 8
38 12.05.2010 1 20 24 26 27 40 4
39 15.05.2010 5 10 11 35 36 41 5
40 19.05.2010 19 25 30 34 37 42 1
41 22.05.2010 12 13 19 39 43 49 9
42 26.05.2010 6 11 16 39 41 49 9
43 29.05.2010 17 20 26 33 46 47 1
44 02.06.2010 9 18 20 23 32 34 0
45 05.06.2010 5 21 28 32 43 46 8
46 09.06.2010 14 25 29 33 37 42 3
47 12.06.2010 4 9 17 20 25 35 4
48 16.06.2010 7 27 28 29 34 40 0
49 19.06.2010 13 14 21 22 41 42 6
50 23.06.2010 1 18 23 25 44 48 5
51 26.06.2010 25 33 39 41 48 49 3
52 30.06.2010 2 7 13 14 33 36 6
53 03.07.2010 1 13 27 45 46 47 8
54 07.07.2010 6 17 28 32 35 42 6
55 10.07.2010 2 3 7 17 19 42 6
56 14.07.2010 10 11 20 23 28 42 6
57 17.07.2010 7 11 20 29 36 49 7
58 21.07.2010 17 20 22 28 31 43 1
59 24.07.2010 4 15 21 24 37 43 1
60 28.07.2010 16 20 33 34 40 46 1
61 31.07.2010 22 24 25 34 46 49 7
62 04.08.2010 13 28 30 31 33 46 4
63 07.08.2010 6 20 29 32 33 44 2
64 11.08.2010 3 6 7 13 17 33 2
65 14.08.2010 4 8 14 30 32 43 5
66 18.08.2010 2 9 14 16 37 47 8
67 21.08.2010 5 15 18 22 26 30 4
68 25.08.2010 9 28 36 43 44 49 7
69 28.08.2010 4 6 22 31 35 40 7
70 01.09.2010 4 11 16 19 29 36 9
71 04.09.2010 3 6 19 25 35 48 3
72 08.09.2010 5 11 12 13 32 40 9
73 11.09.2010 26 28 39 41 43 48 8
74 15.09.2010 1 29 31 32 41 43 4
75 18.09.2010 4 24 29 30 35 37 3
76 22.09.2010 2 4 5 9 12 17 7
77 25.09.2010 1 2 4 12 25 46 1
78 29.09.2010 4 9 16 23 32 41 7
79 02.10.2010 5 15 17 27 28 29 2
80 06.10.2010 2 3 11 19 30 43 3
81 09.10.2010 11 12 15 19 21 22 9
82 13.10.2010 3 16 21 32 33 40 5
83 16.10.2010 8 13 19 33 45 47 7
84 20.10.2010 1 7 15 19 22 33 0
85 23.10.2010 8 9 23 29 34 43 8
86 27.10.2010 12 13 18 25 28 44 3
87 30.10.2010 11 12 15 30 39 49 2
88 03.11.2010 1 5 9 39 45 47 0
89 06.11.2010 4 14 17 18 33 34 3
90 10.11.2010 8 11 12 21 22 49 0
91 13.11.2010 8 13 17 19 24 43 8
92 17.11.2010 1 16 18 24 28 47 8
93 20.11.2010 4 17 29 32 33 34 5
94 24.11.2010 5 8 26 33 35 46 1
95 27.11.2010 1 4 8 10 35 45 7
96 01.12.2010 15 20 25 32 39 41 2
97 04.12.2010 13 18 24 37 41 48 2
98 08.12.2010 2 7 14 16 18 26 5
99 11.12.2010 5 7 16 27 31 43 0
100 15.12.2010 3 9 14 28 43 45 0
101 18.12.2010 4 16 21 39 40 42 3
102 22.12.2010 6 18 26 35 36 45 4
103 25.12.2010 2 9 10 11 29 46 7
104 29.12.2010 14 15 20 37 42 48 2
1 01.01.2011 2 14 18 26 35 36 1
2 05.01.2011 24 29 36 42 46 49 7
3 08.01.2011 23 26 27 32 33 41 5
4 12.01.2011 2 8 12 22 23 28 2
5 15.01.2011 12 13 21 26 33 38 3
6 19.01.2011 5 6 8 29 34 35 1
7 22.01.2011 3 7 14 19 23 35 5
8 26.01.2011 6 22 23 28 34 37 4
9 29.01.2011 8 11 21 30 35 45 7
10 02.02.2011 6 15 17 22 34 46 4
11 05.02.2011 9 11 24 34 35 41 8
12 09.02.2011 13 14 23 39 41 46 3
13 12.02.2011 1 2 5 24 31 32 4
14 16.02.2011 3 8 11 25 30 46 0
15 19.02.2011 12 14 16 33 42 47 5
16 23.02.2011 6 16 22 27 39 40 1
17 26.02.2011 18 19 32 38 47 49 6
18 02.03.2011 4 9 36 38 42 48 0
19 05.03.2011 7 13 15 28 33 39 5
20 09.03.2011 6 13 14 27 41 48 9
21 12.03.2011 9 15 19 31 38 43 9
22 16.03.2011 5 18 20 35 41 48 4
23 19.03.2011 10 11 16 21 41 46 6
24 23.03.2011 5 11 16 34 40 42 4
25 26.03.2011 17 19 20 25 28 37 7
26 30.03.2011 13 18 23 31 32 37 7
27 02.04.2011 1 16 25 29 33 47 5
28 06.04.2011 9 14 19 27 31 39 0
29 09.04.2011 12 26 32 39 44 47 8
30 13.04.2011 6 9 16 23 26 47 5
31 16.04.2011 3 4 17 19 35 49 3
32 20.04.2011 13 20 36 39 40 44 9
33 23.04.2011 6 16 18 22 29 41 2
34 27.04.2011 16 21 32 33 42 46 7
35 30.04.2011 10 12 19 29 33 34 0
36 04.05.2011 6 14 22 30 36 40 1
37 07.05.2011 5 12 23 29 34 41 2
38 11.05.2011 8 26 28 29 31 35 5
39 14.05.2011 1 9 10 11 20 31 3
40 18.05.2011 3 13 27 30 33 41 1
41 21.05.2011 13 24 28 36 45 49 0
42 25.05.2011 1 8 26 27 35 38 6
43 28.05.2011 4 17 19 29 34 46 6
44 01.06.2011 10 11 13 20 22 41 9
45 04.06.2011 17 22 34 37 38 46 5
46 08.06.2011 4 15 24 31 38 49 5
47 11.06.2011 8 16 18 28 34 46 9
48 15.06.2011 6 21 22 23 32 44 3
49 18.06.2011 6 14 21 24 25 41 6
50 22.06.2011 1 4 24 29 34 37 4
51 25.06.2011 3 4 20 28 37 42 1
52 29.06.2011 8 10 22 30 36 45 7
53 02.07.2011 7 10 16 19 22 40 8
54 06.07.2011 6 11 14 27 32 38 2
55 09.07.2011 9 11 18 23 36 45 2
56 13.07.2011 1 25 26 30 39 47 1
57 16.07.2011 3 14 15 22 27 38 6
58 20.07.2011 7 11 19 23 42 49 3
59 23.07.2011 8 12 18 20 24 33 0
60 27.07.2011 11 12 16 26 32 35 8
61 30.07.2011 8 11 21 40 42 44 5
62 03.08.2011 4 8 33 40 41 43 6
63 06.08.2011 9 11 33 36 41 49 5
64 10.08.2011 8 12 16 22 23 26 5
65 13.08.2011 13 14 21 29 31 34 2
66 17.08.2011 1 11 16 18 20 25 6
67 20.08.2011 2 7 22 31 32 41 6
68 24.08.2011 19 28 31 33 36 41 6
69 27.08.2011 27 29 40 43 44 49 0
70 31.08.2011 15 17 26 29 32 47 7
71 03.09.2011 2 8 17 31 36 42 2
72 07.09.2011 4 10 23 27 28 39 1
73 10.09.2011 6 9 10 16 28 43 0
74 14.09.2011 4 5 23 32 39 44 7
75 17.09.2011 12 23 38 42 46 49 1
76 21.09.2011 10 24 27 31 41 46 5
77 24.09.2011 3 5 6 18 24 42 3
78 28.09.2011 10 14 18 27 38 43 5
79 01.10.2011 9 13 17 21 29 47 1
80 05.10.2011 1 2 15 33 43 45 8
81 08.10.2011 24 25 29 31 34 47 0
82 12.10.2011 8 10 28 40 43 46 7
83 15.10.2011 2 5 16 18 37 39 5
84 19.10.2011 8 10 15 25 31 34 4
85 22.10.2011 6 7 8 26 34 35 5
86 26.10.2011 15 30 33 34 37 38 5
87 29.10.2011 6 17 23 24 35 44 7
88 02.11.2011 3 6 23 40 41 43 4
89 05.11.2011 7 13 21 37 41 43 0
90 09.11.2011 6 14 20 27 28 48 7
91 12.11.2011 7 12 15 16 30 42 9
92 16.11.2011 8 14 26 33 47 49 4
93 19.11.2011 9 24 26 33 40 47 5
94 23.11.2011 1 10 23 30 38 39 4
95 26.11.2011 3 13 23 33 38 49 5
96 30.11.2011 4 12 18 31 42 44 1
97 03.12.2011 1 10 25 29 44 47 7
98 07.12.2011 11 16 20 27 32 38 7
99 10.12.2011 2 4 5 10 25 34 7
100 14.12.2011 8 14 29 32 36 37 9
101 17.12.2011 3 19 33 38 44 47 6
102 21.12.2011 15 17 21 24 39 43 1
103 24.12.2011 6 12 26 27 32 36 9
104 28.12.2011 6 13 18 19 20 21 5
105 31.12.2011 2 5 11 17 19 28 1
1 04.01.2012 3 18 24 29 36 46 1
2 07.01.2012 22 24 29 33 37 47 2
3 11.01.2012 8 11 15 34 36 47 5
4 14.01.2012 1 6 7 11 20 32 8
5 18.01.2012 6 7 13 18 32 33 0
6 21.01.2012 26 27 43 45 46 49 4
7 25.01.2012 1 4 6 24 33 47 7
8 28.01.2012 1 16 19 27 37 48 4
9 01.02.2012 3 6 7 18 37 39 1
10 04.02.2012 10 15 24 27 40 45 5
11 08.02.2012 8 13 24 34 45 47 5
12 11.02.2012 2 11 32 34 48 49 1
13 15.02.2012 15 29 35 36 40 41 2
14 18.02.2012 3 13 25 27 40 47 5
15 22.02.2012 4 12 14 19 24 48 7
16 25.02.2012 7 11 14 16 43 48 1
17 29.02.2012 6 11 25 32 35 43 5
18 03.03.2012 4 22 24 33 40 48 9
19 07.03.2012 25 29 33 38 47 49 5
20 10.03.2012 1 10 15 21 26 35 1
21 14.03.2012 3 8 9 13 22 49 9
22 17.03.2012 3 7 23 33 42 43 2
23 21.03.2012 4 14 26 34 38 49 6
24 24.03.2012 22 35 37 39 43 49 7
25 28.03.2012 2 17 22 23 39 42 6
26 31.03.2012 1 25 26 27 40 43 5
27 04.04.2012 19 23 29 37 42 46 8
28 07.04.2012 2 10 12 15 35 44 7
29 11.04.2012 2 4 6 7 16 44 9
30 14.04.2012 26 29 37 39 42 48 8
31 18.04.2012 6 8 21 33 34 35 5
32 21.04.2012 6 7 19 20 24 41 5
33 25.04.2012 3 23 26 40 42 46 7
34 28.04.2012 11 17 20 33 37 47 0
35 02.05.2012 4 14 15 17 20 35 4
36 05.05.2012 5 8 14 28 31 48 5
37 09.05.2012 15 16 17 20 40 45 8
38 12.05.2012 13 18 30 31 34 36 9
39 16.05.2012 16 24 41 44 45 46 5
40 19.05.2012 20 34 36 42 43 47 5
41 23.05.2012 1 23 26 31 36 42 7
42 26.05.2012 5 11 15 34 44 48 4
43 30.05.2012 2 10 21 23 44 45 9
44 02.06.2012 9 13 26 30 37 41 4
45 06.06.2012 1 9 17 27 38 42 8
46 09.06.2012 10 15 17 22 28 31 9
47 13.06.2012 1 29 32 33 40 46 6
48 16.06.2012 1 17 28 33 46 48 8
49 20.06.2012 3 6 17 22 24 28 0
50 23.06.2012 11 13 19 27 33 39 4
51 27.06.2012 2 5 15 31 37 43 1
52 30.06.2012 7 8 20 22 30 41 4
53 04.07.2012 3 6 12 25 33 49 6
54 07.07.2012 6 10 29 30 43 49 2
55 11.07.2012 11 16 21 29 32 43 1
56 14.07.2012 6 9 10 22 29 33 0
57 18.07.2012 20 21 23 29 34 47 9
58 21.07.2012 4 24 26 31 38 40 0
59 25.07.2012 2 8 13 25 44 45 7
60 28.07.2012 16 27 31 37 41 49 7
61 01.08.2012 19 26 32 41 43 44 0
62 04.08.2012 15 18 22 23 38 40 8
63 08.08.2012 12 13 22 41 43 49 4
64 11.08.2012 1 2 3 20 47 49 3
65 15.08.2012 1 12 14 15 34 37 4
66 18.08.2012 5 16 28 32 34 40 4
67 22.08.2012 1 7 11 15 31 49 6
68 25.08.2012 16 17 22 25 27 35 4
69 29.08.2012 22 29 35 38 40 45 3
70 01.09.2012 3 6 7 16 26 48 5
71 05.09.2012 4 7 18 24 37 44 4
72 08.09.2012 19 38 39 41 48 49 3
73 12.09.2012 8 19 26 36 39 49 7
74 15.09.2012 6 8 9 34 41 48 0
75 19.09.2012 1 11 16 20 31 44 4
76 22.09.2012 7 24 40 41 48 49 0
77 26.09.2012 10 12 14 29 40 47 7
78 29.09.2012 1 4 20 34 39 41 0
79 03.10.2012 13 28 35 46 48 49 4
80 06.10.2012 8 20 22 34 44 46 5
81 10.10.2012 13 15 28 38 43 48 3
82 13.10.2012 9 10 36 37 42 43 8
83 17.10.2012 5 10 12 14 46 47 6
84 20.10.2012 6 8 11 15 26 33 9
85 24.10.2012 6 14 18 33 39 44 5
86 27.10.2012 11 23 33 39 44 46 9
87 31.10.2012 3 8 13 30 34 49 5
88 03.11.2012 7 8 26 42 43 46 3
89 07.11.2012 2 6 21 31 46 47 1
90 10.11.2012 2 3 25 28 38 49 1
91 14.11.2012 2 9 11 17 34 45 0
92 17.11.2012 5 7 15 24 32 36 4
93 21.11.2012 1 9 10 24 27 29 2
94 24.11.2012 2 12 23 28 32 48 3
95 28.11.2012 11 21 26 40 42 45 4
96 01.12.2012 2 3 4 6 23 45 3
97 05.12.2012 20 23 24 27 36 38 7
98 08.12.2012 15 19 27 34 42 48 6
99 12.12.2012 1 8 10 11 15 33 5
100 15.12.2012 4 25 27 30 31 40 6
101 19.12.2012 25 27 32 36 40 43 5
102 22.12.2012 11 23 32 38 44 49 4
103 26.12.2012 3 10 13 34 36 43 2
104 29.12.2012 11 25 31 35 38 43 4
1 02.01.2013 3 18 21 36 41 44 0
2 05.01.2013 22 26 39 45 47 49 0
3 09.01.2013 6 7 22 26 36 43 9
4 12.01.2013 7 10 11 15 43 48 8
5 16.01.2013 3 8 11 14 18 26 3
6 19.01.2013 23 27 28 39 45 47 6
7 23.01.2013 3 4 8 12 22 28 3
8 26.01.2013 12 28 31 33 36 37 4
9 30.01.2013 2 4 5 26 27 36 2
10 02.02.2013 2 4 17 28 34 44 2
11 06.02.2013 7 14 16 24 31 32 4
12 09.02.2013 5 20 22 26 29 47 5
13 13.02.2013 4 6 11 14 15 38 5
14 16.02.2013 6 22 23 24 33 39 1
15 20.02.2013 5 6 20 27 36 45 7
16 23.02.2013 17 26 35 44 46 49 2
17 27.02.2013 5 6 16 25 28 33 9
18 02.03.2013 2 4 14 17 45 48 8
19 06.03.2013 2 6 10 14 15 29 9
20 09.03.2013 2 12 14 20 39 47 7
21 13.03.2013 3 26 29 32 38 46 7
22 16.03.2013 4 10 17 34 39 42 7
23 20.03.2013 5 10 17 24 35 37 7
24 23.03.2013 9 16 30 37 41 49 2
25 27.03.2013 1 2 3 13 21 38 9
26 30.03.2013 7 30 31 35 39 46 3
27 03.04.2013 16 21 23 29 31 38 4
28 06.04.2013 5 7 17 30 32 34 0
29 10.04.2013 26 27 31 32 43 45 5
30 13.04.2013 10 15 26 28 35 45 2
31 17.04.2013 9 24 35 37 38 45 7
32 20.04.2013 6 28 31 36 38 48 9
33 24.04.2013 7 14 19 39 48 49 0
34 27.04.2013 3 10 11 28 32 43 3
35 01.05.2013 9 12 15 16 22 28 9
36 04.05.2013 5 7 11 21 22 48 8
37 08.05.2013 4 6 11 22 30 42 7
38 11.05.2013 3 7 31 32 40 41 2
39 15.05.2013 2 4 16 29 38 45 2
40 18.05.2013 1 2 16 20 22 32 6
41 22.05.2013 6 8 23 24 35 36 8
42 25.05.2013 3 17 23 25 29 44 0
43 29.05.2013 2 5 7 14 40 41 5
44 01.06.2013 2 13 28 30 32 36 1
45 05.06.2013 19 21 30 39 47 49 1
46 08.06.2013 3 12 26 30 38 47 3
47 12.06.2013 5 6 7 10 15 23 6
48 15.06.2013 6 14 16 25 43 49 1
49 19.06.2013 3 18 19 29 42 49 5
50 22.06.2013 5 10 19 31 35 43 8
51 26.06.2013 2 22 31 32 39 43 2
52 29.06.2013 7 22 28 36 43 44 9
53 03.07.2013 7 9 13 14 17 36 2
54 06.07.2013 3 8 11 17 20 49 9
55 10.07.2013 11 16 19 29 41 43 9
56 13.07.2013 3 18 28 29 38 48 1
57 17.07.2013 11 17 20 26 28 38 3
58 20.07.2013 3 11 18 29 33 46 4
59 24.07.2013 2 8 15 28 31 36 6
60 27.07.2013 11 20 30 31 34 40 0
61 31.07.2013 3 6 26 38 39 47 7
62 03.08.2013 6 19 25 31 40 47 2
63 07.08.2013 11 14 16 24 36 42 4
64 10.08.2013 3 9 17 31 36 39 7
65 14.08.2013 3 8 9 34 35 39 3
66 17.08.2013 13 17 19 25 28 42 8
67 21.08.2013 5 15 21 27 29 48 1
68 24.08.2013 2 6 25 27 29 30 3
69 28.08.2013 2 3 22 29 35 37 9
70 31.08.2013 1 22 26 37 39 44 4
71 04.09.2013 1 17 19 31 34 38 9
72 07.09.2013 12 22 24 37 41 43 9
73 11.09.2013 12 16 28 40 42 48 3
74 14.09.2013 10 21 22 23 30 40 2
75 18.09.2013 4 11 20 21 30 46 3
76 21.09.2013 8 13 22 32 40 43 8
77 25.09.2013 7 14 26 30 33 43 3
78 28.09.2013 3 23 31 32 37 41 2
79 02.10.2013 17 27 42 43 46 47 3
80 05.10.2013 3 9 12 35 44 48 5
81 09.10.2013 9 11 22 29 46 48 3
82 12.10.2013 14 25 29 38 44 46 9
83 16.10.2013 9 32 38 40 44 49 8
84 19.10.2013 4 10 14 24 38 40 5
85 23.10.2013 7 16 21 23 26 33 7
86 26.10.2013 9 18 20 22 24 25 2
87 30.10.2013 10 12 13 30 36 45 1
88 02.11.2013 9 12 15 19 24 38 5
89 06.11.2013 12 13 22 30 35 36 2
90 09.11.2013 6 12 13 28 32 33 7
91 13.11.2013 5 12 15 16 35 46 1
92 16.11.2013 9 19 24 39 42 43 4
93 20.11.2013 9 16 19 24 36 42 5
94 23.11.2013 7 12 19 30 33 35 5
95 27.11.2013 11 28 31 36 38 42 7
96 30.11.2013 1 24 30 33 39 47 7
97 04.12.2013 13 20 22 41 42 49 6
98 07.12.2013 4 9 15 19 26 48 0
99 11.12.2013 7 18 22 38 39 49 6
100 14.12.2013 5 6 17 19 27 38 3
101 18.12.2013 2 12 18 34 35 44 9
102 21.12.2013 4 5 17 25 27 35 5
103 25.12.2013 4 26 27 40 44 46 8
104 28.12.2013 6 9 10 22 32 43 3
1 01.01.2014 6 8 23 24 25 46 6
2 04.01.2014 16 19 25 36 39 48 1
3 08.01.2014 20 28 31 36 44 45 9
4 11.01.2014 5 8 14 23 29 38 1
5 15.01.2014 6 22 39 41 43 49 4
6 18.01.2014 11 15 16 26 32 36 2
7 22.01.2014 2 18 23 26 42 46 8
8 25.01.2014 24 32 36 37 45 48 8
9 29.01.2014 3 12 15 26 34 36 5
10 01.02.2014 17 18 42 46 47 49 2
11 05.02.2014 7 9 16 17 26 32 1
12 08.02.2014 4 18 29 33 42 44 4
13 12.02.2014 10 15 16 18 35 37 5
14 15.02.2014 7 8 17 31 44 48 1
15 19.02.2014 4 18 21 29 36 43 3
16 22.02.2014 25 26 30 32 39 46 5
17 26.02.2014 8 9 11 19 31 48 7
18 01.03.2014 5 13 24 28 38 47 1
19 05.03.2014 5 13 16 33 34 44 3
20 08.03.2014 10 16 24 32 43 45 9
21 12.03.2014 4 7 12 27 31 38 4
22 15.03.2014 3 12 23 33 36 41 9
23 19.03.2014 1 7 10 23 25 40 3
24 22.03.2014 7 10 29 30 34 46 6
25 26.03.2014 3 22 30 36 38 43 4
26 29.03.2014 5 7 8 11 20 24 1
27 02.04.2014 4 6 20 28 42 48 0
28 05.04.2014 14 17 21 37 42 47 4
29 09.04.2014 6 12 32 39 43 46 9
30 12.04.2014 13 16 28 38 48 49 1
31 16.04.2014 18 24 28 30 35 49 8
32 19.04.2014 3 4 25 46 47 48 4
33 23.04.2014 12 13 22 23 40 44 3
34 26.04.2014 3 7 23 34 35 48 1
35 30.04.2014 6 10 30 35 38 48 6
36 03.05.2014 2 14 34 35 40 41 3
37 07.05.2014 1 19 23 25 28 30 9
38 10.05.2014 9 11 20 21 26 42 1
39 14.05.2014 2 7 22 30 32 39 8
40 17.05.2014 9 21 24 37 39 42 9
41 21.05.2014 2 5 6 16 21 31 4
42 24.05.2014 2 7 13 16 27 34 9
43 28.05.2014 10 13 16 29 40 44 0
44 31.05.2014 5 13 17 19 31 41 5
45 04.06.2014 20 21 24 27 28 43 0
46 07.06.2014 12 23 27 35 42 47 2
47 11.06.2014 3 6 11 21 43 44 1
48 14.06.2014 6 11 12 17 42 47 5
49 18.06.2014 6 20 28 33 38 43 5
