2x 9 25 27 35 39
2x 9 17 21 22 32
2x 9 15 26 29 42
2x 9 12 19 24 38
2x 9 11 21 25 37
2x 8 29 30 34 39
2x 8 19 33 43 45
2x 8 17 19 31 41
2x 8 12 27 39 45
2x 7 30 31 35 46
2x 7 14 29 36 49
2x 7 14 24 33 49
2x 7 13 16 32 40
2x 6 7 28 34 43
2x 6 7 11 42 49
2x 6 33 35 39 47
2x 6 28 31 39 46
2x 6 18 27 41 48
2x 6 18 26 35 36
2x 6 17 23 35 44
2x 6 14 25 43 49
2x 6 11 31 34 43
2x 6 11 24 31 45
2x 5 7 31 35 46
2x 5 7 22 38 41
2x 5 7 17 30 34
2x 5 7 15 24 32
2x 5 6 11 14 26
2x 5 16 28 32 40
2x 5 11 13 29 35
2x 4 9 20 25 35
2x 4 9 14 41 45
2x 4 7 17 35 36
2x 4 7 16 26 29
2x 4 21 25 26 31
2x 4 17 24 35 37
2x 4 11 26 31 47
2x 4 11 20 33 48
2x 4 11 12 16 43
2x 30 35 41 44 48
2x 3 6 12 26 45
2x 3 5 33 37 47
2x 3 4 7 25 36
2x 3 29 35 38 49
2x 3 24 37 38 46
2x 3 24 35 44 49
2x 3 23 34 35 48
2x 3 22 25 29 45
2x 3 17 21 26 31
2x 3 12 35 44 48
2x 3 11 45 46 49
2x 28 31 34 35 49
2x 26 27 43 45 46
2x 22 39 41 43 49
2x 22 23 30 34 40
2x 21 31 32 38 46
2x 2 9 14 16 37
2x 2 6 7 16 44
2x 2 6 13 26 32
2x 2 6 12 28 40
2x 2 3 12 19 38
2x 2 24 33 37 46
2x 2 19 25 26 39
2x 2 14 38 41 49
2x 2 13 38 40 43
2x 2 12 16 21 29
2x 2 11 18 19 38
2x 19 29 37 42 46
2x 19 28 33 36 38
2x 19 26 36 40 42
2x 19 21 35 36 43
2x 17 23 25 29 44
2x 17 19 25 28 37
2x 16 31 41 44 47
2x 16 21 26 32 47
2x 15 28 36 37 42
2x 15 25 27 32 46
2x 15 20 24 27 40
2x 15 17 20 34 41
2x 14 22 30 36 40
2x 14 19 27 31 39
2x 14 19 24 31 41
2x 14 19 24 25 31
2x 14 18 33 35 41
2x 14 17 25 34 49
2x 13 26 44 48 49
2x 13 26 28 31 43
2x 13 22 39 41 43
2x 12 25 38 43 44
2x 12 15 16 20 45
2x 11 15 30 31 39
2x 11 14 24 36 42
2x 10 33 37 40 41
2x 10 32 36 37 39
2x 10 31 40 41 49
2x 10 22 23 30 40
2x 10 16 30 39 42
2x 10 16 17 31 43
2x 10 14 18 40 45
2x 10 11 38 43 47
2x 1 6 20 45 46
2x 1 6 11 20 32
2x 1 4 30 38 40
2x 1 37 43 44 47
2x 1 3 10 11 25
2x 1 25 26 30 39
2x 1 2 22 36 41
2x 1 14 27 30 33
2x 1 14 22 36 40
2x 1 14 16 18 48
2x 1 10 14 45 49
