4x 9 11 36 45
4x 8 34 35 39
4x 8 17 31 41
4x 7 31 35 46
4x 7 31 32 41
4x 7 22 38 49
4x 7 17 35 36
4x 7 12 26 44
4x 6 9 10 22
4x 6 7 16 48
4x 6 39 41 49
4x 6 23 24 35
4x 6 18 26 35
4x 6 17 35 39
4x 5 29 39 47
4x 5 20 41 48
4x 4 32 36 42
4x 3 37 38 49
4x 3 27 32 36
4x 3 24 35 44
4x 3 18 37 42
4x 3 12 30 32
4x 27 43 45 46
4x 27 33 36 41
4x 26 29 39 49
4x 22 39 41 43
4x 20 24 27 40
4x 2 3 12 19
4x 2 11 38 40
4x 19 39 48 49
4x 19 27 31 39
4x 16 17 26 30
4x 14 19 24 31
4x 12 28 33 36
4x 12 25 26 45
4x 12 13 30 36
4x 11 20 33 48
4x 11 12 13 32
4x 10 14 16 23
4x 1 32 42 48
4x 1 23 30 38
4x 1 11 16 20
3x 9 38 44 49
3x 9 34 38 41
3x 9 32 38 40
3x 9 28 46 49
3x 9 27 35 39
3x 9 27 33 36
3x 9 26 29 42
3x 9 25 27 39
3x 9 25 26 45
3x 9 24 39 42
3x 9 24 35 39
3x 9 24 29 30
3x 9 23 24 41
3x 9 19 24 43
3x 9 18 27 29
3x 9 16 38 41
3x 9 15 38 43
3x 9 15 26 42
3x 9 15 25 38
3x 9 14 37 47
3x 9 13 28 47
3x 9 13 26 31
3x 9 12 31 38
3x 9 12 24 38
3x 9 11 26 36
3x 9 11 26 31
3x 9 11 24 35
3x 9 11 20 42
3x 9 10 24 39
3x 9 10 11 46
3x 9 10 11 35
3x 8 9 29 43
3x 8 33 47 49
3x 8 33 43 45
3x 8 33 38 49
3x 8 32 33 43
3x 8 31 35 49
3x 8 22 32 40
3x 8 22 27 29
3x 8 22 25 49
3x 8 20 22 34
3x 8 19 33 45
3x 8 18 29 38
3x 8 17 31 48
3x 8 17 19 43
3x 8 14 38 43
3x 8 13 29 49
3x 8 12 27 39
3x 8 11 17 19
3x 7 9 32 40
3x 7 9 22 29
3x 7 9 16 26
3x 7 9 16 17
3x 7 38 40 49
3x 7 36 39 42
3x 7 29 42 46
3x 7 29 36 49
3x 7 28 29 34
3x 7 23 40 49
3x 7 23 33 42
3x 7 19 42 49
3x 7 17 22 27
3x 7 14 40 41
3x 7 14 29 36
3x 7 13 32 43
3x 7 13 32 40
3x 7 11 42 49
3x 7 11 26 42
3x 7 10 30 40
3x 7 10 23 25
3x 7 10 11 43
3x 6 9 33 44
3x 6 9 29 44
3x 6 8 34 35
3x 6 8 14 28
3x 6 7 44 47
3x 6 7 28 29
3x 6 7 16 44
3x 6 33 36 40
3x 6 33 35 47
3x 6 30 34 39
3x 6 28 46 49
3x 6 28 32 48
3x 6 28 31 46
3x 6 27 41 48
3x 6 26 35 36
3x 6 22 37 42
3x 6 22 35 36
3x 6 22 34 35
3x 6 22 30 36
3x 6 22 26 36
3x 6 21 35 39
3x 6 20 38 49
3x 6 20 28 48
3x 6 19 26 44
3x 6 19 22 46
3x 6 18 27 48
3x 6 17 41 49
3x 6 17 35 44
3x 6 17 29 44
3x 6 17 23 35
3x 6 17 19 44
3x 6 15 27 34
3x 6 14 28 32
3x 6 14 25 49
3x 6 14 25 43
3x 6 13 17 33
3x 6 12 37 42
3x 6 12 33 42
3x 6 12 32 39
3x 6 12 28 40
3x 6 12 22 31
3x 6 12 16 17
3x 6 11 32 43
3x 6 11 24 31
3x 6 10 30 43
3x 5 9 17 47
3x 5 8 10 38
3x 5 7 8 40
3x 5 7 22 38
3x 5 7 18 22
3x 5 6 25 29
3x 5 6 18 29
3x 5 6 18 27
3x 5 33 41 44
3x 5 33 37 47
3x 5 23 34 41
3x 5 23 29 33
3x 5 20 39 43
3x 5 20 36 49
3x 5 18 26 44
3x 5 17 23 47
3x 5 16 24 48
3x 5 13 29 35
3x 5 13 22 29
3x 5 12 25 48
3x 5 11 32 40
3x 5 11 15 48
3x 5 11 14 26
3x 5 11 13 49
3x 5 11 13 29
3x 41 42 45 47
3x 4 9 42 48
3x 4 8 31 48
3x 4 5 32 39
3x 4 5 32 37
3x 4 5 15 39
3x 4 38 46 48
3x 4 38 42 46
3x 4 31 32 33
3x 4 29 31 37
3x 4 27 40 48
3x 4 26 31 47
3x 4 25 33 42
3x 4 24 37 39
3x 4 24 35 37
3x 4 21 26 31
3x 4 20 42 48
3x 4 20 30 47
3x 4 20 24 39
3x 4 20 24 27
3x 4 19 33 43
3x 4 18 21 31
3x 4 17 35 37
3x 4 17 35 36
3x 4 15 17 20
3x 4 14 41 45
3x 4 14 30 32
3x 4 12 30 32
3x 4 12 16 43
3x 4 11 20 48
3x 4 10 20 43
3x 34 37 41 44
3x 34 36 46 48
3x 32 36 37 39
3x 32 34 40 48
3x 31 36 40 49
3x 31 34 35 49
3x 30 32 41 48
3x 30 31 38 48
3x 3 9 24 31
3x 3 9 10 24
3x 3 8 9 13
3x 3 8 22 49
3x 3 7 33 42
3x 3 7 26 42
3x 3 7 23 35
3x 3 7 14 35
3x 3 7 12 33
3x 3 6 38 39
3x 3 6 12 33
3x 3 6 12 25
3x 3 5 37 47
3x 3 5 24 42
3x 3 4 8 12
3x 3 4 44 49
3x 3 4 34 43
3x 3 37 45 47
3x 3 33 42 43
3x 3 33 38 43
3x 3 33 37 47
3x 3 29 35 49
3x 3 29 35 38
3x 3 26 43 45
3x 3 25 33 42
3x 3 24 37 38
3x 3 23 25 44
3x 3 21 26 46
3x 3 21 26 31
3x 3 20 33 47
3x 3 19 24 27
3x 3 16 27 32
3x 3 16 21 32
3x 3 15 22 27
3x 3 14 43 45
3x 3 14 19 24
3x 3 13 24 44
3x 3 13 23 35
3x 3 12 19 38
3x 3 11 34 36
3x 3 11 32 36
3x 3 11 21 26
3x 3 10 11 25
3x 28 36 44 45
3x 28 34 38 46
3x 28 34 35 49
3x 28 33 39 42
3x 28 32 34 40
3x 28 31 36 38
3x 28 31 35 49
3x 28 31 34 35
3x 28 31 33 35
3x 28 30 40 41
3x 27 29 38 44
3x 27 28 37 39
3x 27 28 34 49
3x 26 43 45 46
3x 26 28 31 43
3x 26 27 43 45
3x 26 27 32 48
3x 25 31 40 47
3x 25 27 32 46
3x 25 26 30 39
3x 24 39 44 46
3x 24 34 43 46
3x 24 33 36 45
3x 24 32 36 42
3x 24 29 36 49
3x 24 28 30 49
3x 24 27 31 45
3x 24 26 39 49
3x 23 25 32 46
3x 23 24 36 44
3x 22 41 43 49
3x 22 39 43 49
3x 22 39 41 49
3x 22 37 45 48
3x 22 32 39 43
3x 22 30 36 40
3x 22 25 37 48
3x 22 24 33 37
3x 22 23 30 40
3x 21 35 36 43
3x 21 34 42 43
3x 21 28 39 47
3x 21 27 45 49
3x 21 25 34 48
3x 20 33 41 43
3x 20 30 38 39
3x 20 29 42 48
3x 20 27 34 47
3x 20 22 25 35
3x 20 21 24 30
3x 2 8 20 23
3x 2 8 11 17
3x 2 7 39 44
3x 2 7 16 43
3x 2 6 12 40
3x 2 4 6 40
3x 2 38 40 43
3x 2 33 37 46
3x 2 31 37 43
3x 2 30 32 41
3x 2 30 31 37
3x 2 27 45 47
3x 2 27 41 46
3x 2 25 26 39
3x 2 23 40 49
3x 2 23 35 39
3x 2 22 24 37
3x 2 21 31 41
3x 2 21 29 37
3x 2 21 26 32
3x 2 21 22 44
3x 2 20 37 49
3x 2 19 41 48
3x 2 19 26 39
3x 2 19 25 39
3x 2 17 21 45
3x 2 16 26 30
3x 2 16 17 39
3x 2 15 43 45
3x 2 15 30 32
3x 2 14 40 41
3x 2 14 38 49
3x 2 14 27 34
3x 2 14 18 26
3x 2 13 27 34
3x 2 12 38 40
3x 2 12 23 28
3x 2 12 16 21
3x 2 11 29 46
3x 2 11 19 38
3x 2 10 11 35
3x 19 40 42 49
3x 19 39 43 49
3x 19 33 43 45
3x 19 33 36 38
3x 19 29 37 42
3x 19 28 38 46
3x 19 28 33 36
3x 19 26 34 47
3x 19 25 40 47
3x 19 23 27 47
3x 19 22 26 27
3x 18 35 40 42
3x 18 31 33 35
3x 18 26 46 48
3x 18 26 35 36
3x 18 26 34 49
3x 18 22 23 27
3x 18 21 26 41
3x 17 42 46 47
3x 17 39 47 49
3x 17 33 40 42
3x 17 33 34 38
3x 17 31 32 40
3x 17 28 36 49
3x 17 24 35 37
3x 17 23 24 35
3x 17 22 37 38
3x 17 22 28 31
3x 17 21 23 28
3x 17 19 31 41
3x 17 19 25 28
3x 17 18 21 36
3x 16 41 44 47
3x 16 35 47 48
3x 16 33 35 40
3x 16 27 31 41
3x 16 26 32 47
3x 16 25 27 35
3x 16 21 32 47
3x 16 21 32 33
3x 16 20 33 37
3x 16 18 37 43
3x 16 18 27 49
3x 16 17 31 43
3x 16 17 29 37
3x 16 17 26 40
3x 16 17 25 27
3x 15 35 36 40
3x 15 33 38 49
3x 15 32 41 48
3x 15 32 35 36
3x 15 28 36 42
3x 15 25 32 46
3x 15 24 32 36
3x 15 24 30 43
3x 15 24 27 40
3x 15 22 23 26
3x 15 21 24 37
3x 15 17 35 44
3x 15 17 32 47
3x 15 17 20 35
3x 15 16 25 32
3x 15 16 21 32
3x 15 16 20 45
3x 15 16 20 27
3x 15 16 19 20
3x 14 45 46 47
3x 14 40 42 48
3x 14 35 43 46
3x 14 33 38 49
3x 14 30 32 44
3x 14 28 31 39
3x 14 27 30 33
3x 14 25 34 49
3x 14 23 29 33
3x 14 22 36 40
3x 14 19 31 41
3x 14 19 27 39
3x 14 19 27 31
3x 14 17 45 46
3x 14 17 42 47
3x 14 17 32 36
3x 14 15 33 38
3x 13 22 41 43
3x 13 22 41 42
3x 13 21 22 40
3x 13 21 22 33
3x 13 20 32 37
3x 13 20 26 42
3x 13 15 38 43
3x 13 14 33 36
3x 13 14 21 31
3x 12 31 37 39
3x 12 28 31 37
3x 12 26 28 45
3x 12 24 31 39
3x 12 22 39 45
3x 12 19 28 37
3x 12 16 34 43
3x 12 16 20 45
3x 12 16 17 31
3x 12 14 32 46
3x 12 14 30 32
3x 11 34 44 48
3x 11 33 35 36
3x 11 31 34 43
3x 11 30 32 39
3x 11 29 30 48
3x 11 26 45 49
3x 11 26 45 46
3x 11 24 36 42
3x 11 24 31 45
3x 11 24 27 48
3x 11 20 29 49
3x 11 20 25 47
3x 11 17 20 49
3x 11 17 20 26
3x 11 16 39 49
3x 11 16 21 43
3x 11 15 31 39
3x 11 15 30 39
3x 11 15 18 33
3x 11 15 17 41
3x 11 14 36 42
3x 11 14 16 36
3x 11 13 25 30
3x 11 12 43 45
3x 11 12 41 42
3x 11 12 34 44
3x 11 12 19 41
3x 10 37 40 41
3x 10 28 29 35
3x 10 27 35 46
3x 10 26 29 32
3x 10 23 45 49
3x 10 23 27 35
3x 10 21 30 40
3x 10 17 39 42
3x 10 16 35 37
3x 10 16 17 31
3x 10 15 38 48
3x 10 15 24 27
3x 10 15 18 48
3x 10 14 45 49
3x 10 12 44 49
3x 10 12 29 40
3x 10 12 15 44
3x 10 12 15 35
3x 10 11 43 47
3x 1 9 24 30
3x 1 9 16 44
3x 1 8 28 38
3x 1 8 12 27
3x 1 7 32 49
3x 1 7 22 32
3x 1 7 20 32
3x 1 7 19 31
3x 1 7 11 15
3x 1 6 17 44
3x 1 6 17 42
3x 1 6 17 29
3x 1 6 13 30
3x 1 6 11 20
3x 1 5 45 47
3x 1 4 6 24
3x 1 4 31 33
3x 1 4 20 39
3x 1 39 43 47
3x 1 33 35 37
3x 1 3 47 48
3x 1 26 30 39
3x 1 25 26 41
3x 1 23 24 30
3x 1 21 45 49
3x 1 21 23 30
3x 1 20 45 46
3x 1 20 33 37
3x 1 20 22 40
3x 1 2 8 25
3x 1 2 36 41
3x 1 2 3 47
3x 1 2 22 36
3x 1 2 20 37
3x 1 19 32 48
3x 1 17 32 44
3x 1 17 25 42
3x 1 14 45 49
3x 1 14 33 38
3x 1 14 27 30
3x 1 14 25 26
3x 1 14 22 40
3x 1 14 16 48
3x 1 12 15 34
3x 1 11 26 42
3x 1 11 22 26
3x 1 11 18 25
3x 1 10 26 37
3x 1 10 11 15
2x 9 42 45 47
2x 9 42 43 46
2x 9 41 47 48
2x 9 41 45 47
2x 9 41 42 45
2x 9 39 42 43
2x 9 38 43 47
2x 9 38 42 47
2x 9 38 41 45
2x 9 38 40 49
2x 9 38 40 44
2x 9 38 39 45
2x 9 37 44 47
2x 9 36 44 49
2x 9 36 42 48
2x 9 36 41 42
2x 9 36 37 45
2x 9 35 44 48
2x 9 35 39 45
2x 9 35 38 45
2x 9 34 41 48
2x 9 34 41 45
2x 9 33 46 47
2x 9 33 40 47
2x 9 33 39 45
2x 9 33 35 42
2x 9 32 36 37
2x 9 32 34 48
2x 9 32 34 41
2x 9 31 35 42
2x 9 30 41 48
2x 9 30 37 41
2x 9 30 33 43
2x 9 29 46 49
2x 9 29 39 49
2x 9 29 39 43
2x 9 29 38 46
2x 9 29 37 43
2x 9 29 36 38
2x 9 29 33 43
2x 9 29 33 36
2x 9 28 46 47
2x 9 28 42 47
2x 9 28 38 49
2x 9 28 38 46
2x 9 28 36 49
2x 9 28 32 38
2x 9 28 31 38
2x 9 27 35 46
2x 9 27 32 46
2x 9 27 29 40
2x 9 26 44 46
2x 9 26 41 42
2x 9 26 35 39
2x 9 26 34 47
2x 9 26 30 42
2x 9 26 30 37
2x 9 26 29 38
2x 9 25 36 46
2x 9 25 36 44
2x 9 25 35 39
2x 9 25 33 44
2x 9 25 33 38
2x 9 25 30 38
2x 9 25 29 38
2x 9 25 27 35
2x 9 24 37 44
2x 9 24 37 38
2x 9 24 34 35
2x 9 24 31 48
2x 9 24 31 38
2x 9 24 30 34
2x 9 24 30 31
2x 9 24 28 31
2x 9 24 27 39
2x 9 24 27 36
2x 9 24 26 37
2x 9 24 26 30
2x 9 23 40 41
2x 9 23 38 47
2x 9 23 32 46
2x 9 23 29 43
2x 9 23 28 46
2x 9 23 28 38
2x 9 23 27 40
2x 9 23 25 40
2x 9 23 24 31
2x 9 22 41 42
2x 9 22 39 46
2x 9 22 38 45
2x 9 22 35 39
2x 9 22 34 45
2x 9 22 34 41
2x 9 22 31 35
2x 9 22 27 29
2x 9 22 26 41
2x 9 22 26 34
2x 9 22 26 29
2x 9 22 24 44
2x 9 22 24 30
2x 9 21 41 42
2x 9 21 39 40
2x 9 21 37 44
2x 9 21 31 37
2x 9 21 30 46
2x 9 21 26 29
2x 9 21 25 44
2x 9 21 25 40
2x 9 21 25 37
2x 9 21 24 42
2x 9 21 22 32
2x 9 20 37 46
2x 9 20 31 42
2x 9 20 29 40
2x 9 20 26 48
2x 9 20 26 42
2x 9 20 25 43
2x 9 20 25 35
2x 9 20 23 24
2x 9 20 22 29
2x 9 20 22 26
2x 9 20 21 42
2x 9 20 21 33
2x 9 19 39 42
2x 9 19 36 42
2x 9 19 36 39
2x 9 19 36 37
2x 9 19 34 43
2x 9 19 30 33
2x 9 19 27 39
2x 9 19 26 47
2x 9 19 24 42
2x 9 19 24 39
2x 9 19 24 38
2x 9 19 24 35
2x 9 19 24 34
2x 9 18 41 47
2x 9 18 38 46
2x 9 18 38 41
2x 9 18 29 40
2x 9 18 27 47
2x 9 18 24 30
2x 9 18 24 25
2x 9 18 21 36
2x 9 18 20 40
2x 9 18 20 24
2x 9 17 42 43
2x 9 17 37 45
2x 9 17 37 44
2x 9 17 24 43
2x 9 17 22 32
2x 9 17 21 32
2x 9 17 21 22
2x 9 17 20 40
2x 9 17 19 49
2x 9 17 18 40
2x 9 17 18 19
2x 9 16 38 40
2x 9 16 37 44
2x 9 16 34 41
2x 9 16 34 38
2x 9 16 34 36
2x 9 16 29 49
2x 9 16 26 35
2x 9 16 26 29
2x 9 16 25 44
2x 9 16 19 42
2x 9 16 18 41
2x 9 15 38 44
2x 9 15 33 49
2x 9 15 31 43
2x 9 15 31 42
2x 9 15 30 42
2x 9 15 29 42
2x 9 15 28 31
2x 9 15 26 38
2x 9 15 26 29
2x 9 15 21 33
2x 9 15 20 40
2x 9 15 20 21
2x 9 15 19 38
2x 9 15 18 33
2x 9 15 17 40
2x 9 15 16 31
2x 9 15 16 28
2x 9 14 42 45
2x 9 14 41 45
2x 9 14 38 49
2x 9 14 38 44
2x 9 14 37 44
2x 9 14 28 47
2x 9 14 27 39
2x 9 14 27 31
2x 9 14 22 38
2x 9 14 20 44
2x 9 14 16 47
2x 9 14 16 37
2x 9 13 47 48
2x 9 13 40 46
2x 9 13 34 38
2x 9 13 26 48
2x 9 13 21 29
2x 9 13 16 31
2x 9 13 16 28
2x 9 13 14 49
2x 9 13 14 36
2x 9 12 32 46
2x 9 12 29 49
2x 9 12 28 38
2x 9 12 26 48
2x 9 12 26 45
2x 9 12 26 27
2x 9 12 24 31
2x 9 12 23 31
2x 9 12 22 27
2x 9 12 21 44
2x 9 12 19 38
2x 9 12 19 26
2x 9 12 19 24
2x 9 12 19 22
2x 9 12 19 21
2x 9 12 15 38
2x 9 11 45 49
2x 9 11 43 47
2x 9 11 42 47
2x 9 11 41 49
2x 9 11 40 46
2x 9 11 36 49
2x 9 11 36 46
2x 9 11 34 45
2x 9 11 33 36
2x 9 11 31 48
2x 9 11 31 47
2x 9 11 31 42
2x 9 11 30 36
2x 9 11 29 46
2x 9 11 29 32
2x 9 11 28 46
2x 9 11 27 46
2x 9 11 26 35
2x 9 11 25 37
2x 9 11 24 34
2x 9 11 24 31
2x 9 11 23 33
2x 9 11 22 46
2x 9 11 22 26
2x 9 11 21 44
2x 9 11 21 42
2x 9 11 21 40
2x 9 11 21 37
2x 9 11 21 25
2x 9 11 21 24
2x 9 11 20 47
2x 9 11 20 38
2x 9 11 20 31
2x 9 11 19 48
2x 9 11 18 46
2x 9 11 18 36
2x 9 11 18 23
2x 9 11 16 44
2x 9 11 15 46
2x 9 11 13 40
2x 9 10 46 47
2x 9 10 41 47
2x 9 10 41 46
2x 9 10 40 49
2x 9 10 37 42
2x 9 10 33 46
2x 9 10 33 45
2x 9 10 29 46
2x 9 10 28 46
2x 9 10 27 47
2x 9 10 27 36
2x 9 10 27 35
2x 9 10 24 36
2x 9 10 24 27
2x 9 10 22 47
2x 9 10 22 41
2x 9 10 20 47
2x 9 10 20 37
2x 9 10 20 32
2x 9 10 20 31
2x 9 10 19 45
2x 9 10 19 43
2x 9 10 18 19
2x 9 10 17 47
2x 9 10 17 33
2x 9 10 17 20
2x 9 10 15 27
2x 9 10 11 23
2x 8 9 34 48
2x 8 9 34 43
2x 8 9 31 44
2x 8 9 29 33
2x 8 9 26 34
2x 8 9 26 29
2x 8 9 25 45
2x 8 9 24 34
2x 8 9 22 49
2x 8 9 18 29
2x 8 9 16 45
2x 8 9 13 21
2x 8 9 11 31
2x 8 41 45 48
2x 8 38 41 43
2x 8 37 39 41
2x 8 37 38 43
2x 8 36 38 40
2x 8 36 37 40
2x 8 33 44 47
2x 8 33 43 49
2x 8 33 41 43
2x 8 32 43 49
2x 8 32 40 43
2x 8 32 39 47
2x 8 32 36 43
2x 8 32 34 40
2x 8 31 37 38
2x 8 31 34 49
2x 8 31 32 43
2x 8 31 32 33
2x 8 30 40 49
2x 8 30 40 44
2x 8 30 34 39
2x 8 30 32 44
2x 8 30 31 48
2x 8 29 47 49
2x 8 29 39 47
2x 8 29 38 41
2x 8 29 36 37
2x 8 29 34 39
2x 8 29 34 35
2x 8 29 32 43
2x 8 29 30 39
2x 8 29 30 34
2x 8 28 31 49
2x 8 28 31 48
2x 8 28 31 35
2x 8 28 29 43
2x 8 27 47 48
2x 8 27 43 47
2x 8 27 39 45
2x 8 27 32 38
2x 8 27 30 39
2x 8 26 41 45
2x 8 26 37 40
2x 8 26 36 39
2x 8 26 35 38
2x 8 26 34 47
2x 8 26 34 42
2x 8 26 29 43
2x 8 26 28 29
2x 8 25 41 49
2x 8 25 38 42
2x 8 25 36 37
2x 8 25 33 48
2x 8 25 33 43
2x 8 25 32 33
2x 8 25 31 47
2x 8 24 41 49
2x 8 24 32 49
2x 8 24 30 36
2x 8 24 28 37
2x 8 24 26 28
2x 8 23 35 39
2x 8 23 31 48
2x 8 23 31 35
2x 8 23 29 43
2x 8 23 29 34
2x 8 22 44 46
2x 8 22 42 43
2x 8 22 35 49
2x 8 22 34 35
2x 8 22 32 34
2x 8 22 31 49
2x 8 22 31 48
2x 8 22 31 37
2x 8 22 30 40
2x 8 22 30 36
2x 8 22 26 31
2x 8 22 25 35
2x 8 21 42 44
2x 8 21 38 40
2x 8 21 35 40
2x 8 21 34 35
2x 8 21 24 49
2x 8 20 40 47
2x 8 20 36 40
2x 8 20 36 37
2x 8 20 35 45
2x 8 20 35 42
2x 8 20 33 49
2x 8 20 31 40
2x 8 20 28 41
2x 8 20 25 47
2x 8 20 25 35
2x 8 20 23 41
2x 8 20 23 27
2x 8 20 21 36
2x 8 19 43 45
2x 8 19 41 47
2x 8 19 38 41
2x 8 19 36 39
2x 8 19 33 43
2x 8 19 32 40
2x 8 19 31 41
2x 8 19 29 41
2x 8 19 28 40
2x 8 19 27 47
2x 8 19 26 49
2x 8 19 26 47
2x 8 19 26 39
2x 8 19 24 43
2x 8 19 21 25
2x 8 19 20 23
2x 8 18 40 42
2x 8 18 37 43
2x 8 18 31 48
2x 8 18 27 49
2x 8 18 23 42
2x 8 18 23 38
2x 8 18 23 30
2x 8 17 44 48
2x 8 17 43 48
2x 8 17 42 43
2x 8 17 40 47
2x 8 17 38 40
2x 8 17 37 40
2x 8 17 36 40
2x 8 17 36 37
2x 8 17 31 44
2x 8 17 31 37
2x 8 17 22 49
2x 8 17 22 25
2x 8 17 21 25
2x 8 17 19 41
2x 8 17 19 33
2x 8 17 19 31
2x 8 17 18 42
2x 8 16 37 43
2x 8 16 34 46
2x 8 16 33 47
2x 8 16 28 29
2x 8 16 20 33
2x 8 16 18 43
2x 8 16 17 37
2x 8 16 17 29
2x 8 15 44 47
2x 8 15 34 40
2x 8 15 31 32
2x 8 15 30 39
2x 8 15 28 40
2x 8 15 27 39
2x 8 15 27 34
2x 8 15 27 30
2x 8 15 25 31
2x 8 15 20 41
2x 8 15 18 30
2x 8 14 41 42
2x 8 14 40 41
2x 8 14 36 45
2x 8 14 36 39
2x 8 14 36 37
2x 8 14 33 49
2x 8 14 33 43
2x 8 14 32 36
2x 8 14 30 32
2x 8 14 27 34
2x 8 14 23 38
2x 8 14 17 27
2x 8 14 15 21
2x 8 13 45 47
2x 8 13 34 39
2x 8 13 34 35
2x 8 13 32 48
2x 8 13 32 43
2x 8 13 23 35
2x 8 13 22 43
2x 8 13 22 32
2x 8 13 21 26
2x 8 13 20 33
2x 8 13 18 29
2x 8 13 14 44
2x 8 13 14 21
2x 8 12 39 45
2x 8 12 32 38
2x 8 12 30 49
2x 8 12 30 32
2x 8 12 27 45
2x 8 12 24 33
2x 8 12 22 28
2x 8 12 22 23
2x 8 12 19 25
2x 8 12 17 25
2x 8 12 17 21
2x 8 12 15 29
2x 8 12 14 17
2x 8 11 44 46
2x 8 11 40 42
2x 8 11 36 48
2x 8 11 34 42
2x 8 11 32 46
2x 8 11 26 42
2x 8 11 23 45
2x 8 11 21 48
2x 8 11 21 45
2x 8 11 19 31
2x 8 11 19 28
2x 8 11 17 39
2x 8 11 15 36
2x 8 11 15 33
2x 8 11 14 36
2x 8 10 40 43
2x 8 10 39 41
2x 8 10 37 43
2x 8 10 29 47
2x 8 10 27 49
2x 8 10 27 48
2x 8 10 20 44
2x 8 10 15 31
2x 8 10 13 27
2x 8 10 11 33
2x 8 10 11 18
2x 7 9 42 46
2x 7 9 38 46
2x 7 9 36 46
2x 7 9 36 44
2x 7 9 33 35
2x 7 9 29 49
2x 7 9 28 38
2x 7 9 26 32
2x 7 9 26 29
2x 7 9 25 46
2x 7 9 22 35
2x 7 9 21 29
2x 7 9 19 43
2x 7 9 19 22
2x 7 9 17 47
2x 7 9 17 36
2x 7 9 15 25
2x 7 9 14 22
2x 7 9 14 17
2x 7 9 13 14
2x 7 9 12 48
2x 7 9 12 46
2x 7 9 12 43
2x 7 9 11 13
2x 7 9 10 43
2x 7 9 10 33
2x 7 9 10 32
2x 7 9 10 11
2x 7 8 42 46
2x 7 8 35 47
2x 7 8 35 36
2x 7 8 34 42
2x 7 8 29 47
2x 7 8 29 39
2x 7 8 26 43
2x 7 8 26 42
2x 7 8 26 40
2x 7 8 26 35
2x 7 8 26 34
2x 7 8 24 33
2x 7 8 22 30
2x 7 8 20 41
2x 7 8 18 49
2x 7 8 17 48
2x 7 8 11 42
2x 7 8 10 49
2x 7 8 10 40
2x 7 8 10 38
2x 7 40 44 49
2x 7 40 41 49
2x 7 39 42 46
2x 7 37 40 43
2x 7 36 42 46
2x 7 35 41 45
2x 7 35 36 47
2x 7 35 36 42
2x 7 34 38 40
2x 7 34 37 42
2x 7 34 36 43
2x 7 34 35 48
2x 7 34 35 47
2x 7 34 35 45
2x 7 34 35 42
2x 7 33 42 47
2x 7 33 40 42
2x 7 33 34 45
2x 7 31 44 48
2x 7 31 39 44
2x 7 31 32 38
2x 7 30 35 46
2x 7 30 34 39
2x 7 30 33 37
2x 7 30 31 46
2x 7 30 31 39
2x 7 30 31 35
2x 7 29 39 42
2x 7 29 34 45
2x 7 29 34 35
2x 7 29 30 34
2x 7 28 35 47
2x 7 28 34 43
2x 7 28 33 39
2x 7 28 32 38
2x 7 28 30 33
2x 7 27 39 44
2x 7 27 33 35
2x 7 27 32 41
2x 7 27 31 43
2x 7 27 31 41
2x 7 27 31 38
2x 7 27 31 32
2x 7 27 30 47
2x 7 26 42 43
2x 7 26 40 42
2x 7 26 33 44
2x 7 26 32 41
2x 7 26 30 40
2x 7 25 36 38
2x 7 25 34 49
2x 7 25 33 44
2x 7 25 33 42
2x 7 25 29 36
2x 7 25 26 41
2x 7 24 44 45
2x 7 24 37 44
2x 7 24 35 36
2x 7 24 33 49
2x 7 24 33 37
2x 7 24 31 32
2x 7 24 30 39
2x 7 24 25 35
2x 7 23 38 49
2x 7 23 37 42
2x 7 23 35 42
2x 7 23 35 37
2x 7 23 34 35
2x 7 23 33 43
2x 7 23 28 38
2x 7 23 25 37
2x 7 22 43 44
2x 7 22 41 46
2x 7 22 38 41
2x 7 22 37 39
2x 7 22 36 43
2x 7 22 33 37
2x 7 22 28 44
2x 7 22 26 36
2x 7 22 26 35
2x 7 22 25 33
2x 7 22 23 38
2x 7 21 41 45
2x 7 21 31 45
2x 7 21 25 33
2x 7 21 23 44
2x 7 21 23 40
2x 7 21 23 33
2x 7 21 22 39
2x 7 21 22 33
2x 7 20 32 37
2x 7 20 29 42
2x 7 20 27 42
2x 7 20 26 42
2x 7 20 26 29
2x 7 20 24 37
2x 7 20 24 33
2x 7 20 22 37
2x 7 20 22 30
2x 7 19 38 42
2x 7 19 37 42
2x 7 19 34 37
2x 7 19 33 49
2x 7 19 33 42
2x 7 19 33 38
2x 7 19 23 42
2x 7 19 20 47
2x 7 19 20 24
2x 7 18 38 49
2x 7 18 35 37
2x 7 18 22 39
2x 7 18 22 38
2x 7 18 21 42
2x 7 18 19 49
2x 7 17 37 44
2x 7 17 36 40
2x 7 17 36 37
2x 7 17 35 40
2x 7 17 30 36
2x 7 17 30 34
2x 7 17 27 47
2x 7 17 23 46
2x 7 17 19 42
2x 7 16 46 48
2x 7 16 43 48
2x 7 16 32 48
2x 7 16 32 46
2x 7 16 32 40
2x 7 16 31 43
2x 7 16 26 29
2x 7 16 24 48
2x 7 16 24 46
2x 7 16 23 37
2x 7 16 23 29
2x 7 16 23 26
2x 7 16 23 25
2x 7 16 18 26
2x 7 15 39 43
2x 7 15 32 36
2x 7 15 25 46
2x 7 15 25 32
2x 7 15 24 32
2x 7 15 23 46
2x 7 15 23 32
2x 7 14 41 45
2x 7 14 36 49
2x 7 14 36 39
2x 7 14 35 45
2x 7 14 33 49
2x 7 14 33 43
2x 7 14 33 36
2x 7 14 33 35
2x 7 14 31 32
2x 7 14 30 43
2x 7 14 30 38
2x 7 14 30 36
2x 7 14 29 49
2x 7 14 24 49
2x 7 14 24 33
2x 7 14 23 33
2x 7 14 17 36
2x 7 14 16 43
2x 7 13 44 46
2x 7 13 42 46
2x 7 13 33 43
2x 7 13 32 33
2x 7 13 25 33
2x 7 13 24 44
2x 7 13 23 43
2x 7 13 23 38
2x 7 13 23 33
2x 7 13 21 37
2x 7 13 18 26
2x 7 13 17 44
2x 7 13 16 46
2x 7 13 16 40
2x 7 13 16 32
2x 7 13 15 33
2x 7 13 14 36
2x 7 12 44 49
2x 7 12 35 36
2x 7 12 30 42
2x 7 12 29 45
2x 7 12 27 46
2x 7 12 27 41
2x 7 12 26 45
2x 7 12 26 35
2x 7 12 26 29
2x 7 12 24 33
2x 7 12 24 31
2x 7 12 24 30
2x 7 12 24 26
2x 7 12 17 35
2x 7 12 16 17
2x 7 12 14 44
2x 7 12 14 19
2x 7 11 43 48
2x 7 11 39 49
2x 7 11 39 42
2x 7 11 36 49
2x 7 11 29 36
2x 7 11 29 30
2x 7 11 26 36
2x 7 11 22 44
2x 7 11 22 43
2x 7 11 22 39
2x 7 11 19 26
2x 7 11 19 23
2x 7 11 17 37
2x 7 11 17 36
2x 7 11 16 48
2x 7 11 15 49
2x 7 11 14 35
2x 7 11 13 32
2x 7 10 43 45
2x 7 10 42 43
2x 7 10 40 49
2x 7 10 40 41
2x 7 10 36 40
2x 7 10 35 43
2x 7 10 34 43
2x 7 10 34 41
2x 7 10 32 38
2x 7 10 31 45
2x 7 10 31 44
2x 7 10 30 49
2x 7 10 27 49
2x 7 10 25 41
2x 7 10 25 32
2x 7 10 25 29
2x 7 10 25 28
2x 7 10 22 43
2x 7 10 22 25
2x 7 10 21 30
2x 7 10 19 32
2x 7 10 17 22
2x 7 10 16 49
2x 7 10 16 40
2x 7 10 16 29
2x 7 10 16 23
2x 7 10 14 40
2x 7 10 11 48
2x 7 10 11 35
2x 6 9 44 49
2x 6 9 36 44
2x 6 9 35 39
2x 6 9 35 36
2x 6 9 29 43
2x 6 9 29 36
2x 6 9 29 33
2x 6 9 28 49
2x 6 9 28 46
2x 6 9 28 39
2x 6 9 26 46
2x 6 9 25 43
2x 6 9 22 35
2x 6 9 22 33
2x 6 9 22 31
2x 6 9 22 26
2x 6 9 20 25
2x 6 9 18 48
2x 6 9 18 46
2x 6 9 16 43
2x 6 9 16 36
2x 6 9 16 25
2x 6 9 15 40
2x 6 9 14 27
2x 6 9 12 37
2x 6 9 12 29
2x 6 9 11 26
2x 6 9 10 43
2x 6 9 10 32
2x 6 8 9 34
2x 6 8 9 29
2x 6 8 42 48
2x 6 8 35 36
2x 6 8 34 48
2x 6 8 33 40
2x 6 8 33 35
2x 6 8 33 34
2x 6 8 31 44
2x 6 8 29 49
2x 6 8 29 33
2x 6 8 27 34
2x 6 8 26 34
2x 6 8 23 46
2x 6 8 23 25
2x 6 8 23 24
2x 6 8 21 34
2x 6 8 19 26
2x 6 8 15 33
2x 6 8 15 31
2x 6 8 14 41
2x 6 8 11 33
2x 6 8 11 15
2x 6 8 10 21
2x 6 8 10 16
2x 6 7 9 15
2x 6 7 9 12
2x 6 7 8 42
2x 6 7 8 34
2x 6 7 46 48
2x 6 7 42 49
2x 6 7 42 46
2x 6 7 39 42
2x 6 7 34 43
2x 6 7 33 47
2x 6 7 33 34
2x 6 7 29 42
2x 6 7 28 43
2x 6 7 28 34
2x 6 7 26 35
2x 6 7 22 47
2x 6 7 22 46
2x 6 7 22 43
2x 6 7 20 24
2x 6 7 18 39
2x 6 7 18 37
2x 6 7 18 35
2x 6 7 16 23
2x 6 7 15 47
2x 6 7 15 42
2x 6 7 15 34
2x 6 7 15 20
2x 6 7 13 33
2x 6 7 13 32
2x 6 7 12 48
2x 6 7 12 35
2x 6 7 12 29
2x 6 7 12 17
2x 6 7 11 49
2x 6 7 11 43
2x 6 7 11 42
2x 6 7 11 32
2x 6 40 41 43
2x 6 38 46 48
2x 6 38 44 49
2x 6 36 38 48
2x 6 35 44 47
2x 6 35 39 47
2x 6 35 39 45
2x 6 35 38 48
2x 6 34 44 48
2x 6 34 42 49
2x 6 34 38 46
2x 6 34 37 46
2x 6 33 42 43
2x 6 33 41 44
2x 6 33 39 47
2x 6 33 38 43
2x 6 33 37 42
2x 6 33 35 44
2x 6 33 35 39
2x 6 33 34 45
2x 6 32 42 48
2x 6 32 38 40
2x 6 32 37 42
2x 6 32 33 44
2x 6 32 33 40
2x 6 31 48 49
2x 6 31 44 49
2x 6 31 42 44
2x 6 31 41 46
2x 6 31 41 45
2x 6 31 39 46
2x 6 31 34 43
2x 6 31 34 42
2x 6 30 33 34
2x 6 29 38 47
2x 6 29 35 47
2x 6 29 33 44
2x 6 29 32 44
2x 6 29 30 49
2x 6 28 39 46
2x 6 28 37 46
2x 6 28 34 46
2x 6 28 34 43
2x 6 28 33 38
2x 6 28 32 47
2x 6 28 32 34
2x 6 28 31 39
2x 6 28 31 38
2x 6 28 29 43
2x 6 28 29 42
2x 6 27 35 38
2x 6 27 31 47
2x 6 27 31 45
2x 6 26 41 49
2x 6 26 39 47
2x 6 26 34 47
2x 6 26 33 45
2x 6 26 32 48
2x 6 26 27 32
2x 6 25 43 49
2x 6 25 41 46
2x 6 25 40 41
2x 6 25 38 43
2x 6 25 37 42
2x 6 25 32 42
2x 6 25 31 40
2x 6 25 29 43
2x 6 25 29 30
2x 6 25 27 35
2x 6 25 27 30
2x 6 25 26 41
2x 6 24 39 47
2x 6 24 35 39
2x 6 24 33 47
2x 6 24 33 39
2x 6 24 32 45
2x 6 24 31 45
2x 6 24 29 49
2x 6 24 29 36
2x 6 24 25 32
2x 6 23 42 46
2x 6 23 36 45
2x 6 23 35 44
2x 6 23 35 39
2x 6 23 35 36
2x 6 23 29 38
2x 6 23 27 47
2x 6 23 24 25
2x 6 22 48 49
2x 6 22 41 46
2x 6 22 35 48
2x 6 22 34 49
2x 6 22 34 46
2x 6 22 31 49
2x 6 22 31 40
2x 6 22 31 38
2x 6 22 31 36
2x 6 22 31 35
2x 6 22 28 34
2x 6 22 26 28
2x 6 22 24 33
2x 6 22 24 32
2x 6 22 24 30
2x 6 21 36 45
2x 6 21 34 35
2x 6 21 33 43
2x 6 21 33 34
2x 6 21 31 47
2x 6 21 30 36
2x 6 21 27 36
2x 6 21 22 44
2x 6 20 45 46
2x 6 20 38 41
2x 6 20 36 45
2x 6 20 33 38
2x 6 20 29 44
2x 6 20 27 35
2x 6 20 27 34
2x 6 20 26 37
2x 6 20 26 28
2x 6 20 24 39
2x 6 20 24 30
2x 6 19 43 47
2x 6 19 36 45
2x 6 19 34 37
2x 6 19 31 40
2x 6 19 25 47
2x 6 19 24 39
2x 6 19 22 40
2x 6 18 41 49
2x 6 18 41 48
2x 6 18 39 44
2x 6 18 37 47
2x 6 18 36 47
2x 6 18 35 45
2x 6 18 35 43
2x 6 18 35 39
2x 6 18 35 36
2x 6 18 29 49
2x 6 18 29 48
2x 6 18 29 40
2x 6 18 28 33
2x 6 18 27 41
2x 6 18 26 48
2x 6 18 26 39
2x 6 18 26 36
2x 6 18 22 45
2x 6 18 22 44
2x 6 18 22 38
2x 6 18 22 29
2x 6 18 22 23
2x 6 18 19 44
2x 6 18 19 39
2x 6 18 19 26
2x 6 18 19 24
2x 6 17 42 44
2x 6 17 37 41
2x 6 17 34 39
2x 6 17 33 44
2x 6 17 29 48
2x 6 17 29 35
2x 6 17 26 39
2x 6 17 25 41
2x 6 17 24 44
2x 6 17 23 44
2x 6 17 22 34
2x 6 17 20 48
2x 6 17 19 29
2x 6 17 18 35
2x 6 16 41 49
2x 6 16 39 41
2x 6 16 36 48
2x 6 16 26 47
2x 6 16 25 44
2x 6 16 25 43
2x 6 16 25 33
2x 6 16 23 47
2x 6 16 23 44
2x 6 16 22 28
2x 6 16 20 41
2x 6 16 20 33
2x 6 16 20 25
2x 6 16 18 29
2x 6 15 48 49
2x 6 15 47 49
2x 6 15 38 47
2x 6 15 34 46
2x 6 15 33 42
2x 6 15 31 49
2x 6 15 30 48
2x 6 15 28 46
2x 6 15 23 47
2x 6 15 20 34
2x 6 15 20 27
2x 6 15 17 41
2x 6 15 17 34
2x 6 14 45 48
2x 6 14 43 49
2x 6 14 34 40
2x 6 14 28 40
2x 6 14 28 39
2x 6 14 27 48
2x 6 14 27 28
2x 6 14 25 46
2x 6 14 25 41
2x 6 14 23 46
2x 6 14 20 34
2x 6 14 20 27
2x 6 14 18 33
2x 6 14 16 43
2x 6 13 37 39
2x 6 13 32 33
2x 6 13 28 32
2x 6 13 28 29
2x 6 13 26 32
2x 6 13 22 45
2x 6 13 22 38
2x 6 13 19 45
2x 6 13 17 44
2x 6 13 16 45
2x 6 12 44 49
2x 6 12 39 43
2x 6 12 32 43
2x 6 12 32 33
2x 6 12 31 49
2x 6 12 31 48
2x 6 12 29 49
2x 6 12 29 44
2x 6 12 28 48
2x 6 12 28 33
2x 6 12 26 45
2x 6 12 26 27
2x 6 12 25 41
2x 6 12 23 33
2x 6 12 22 37
2x 6 12 21 43
2x 6 12 19 22
2x 6 12 18 34
2x 6 12 18 30
2x 6 12 17 18
2x 6 12 16 48
2x 6 12 16 27
2x 6 12 16 20
2x 6 12 16 18
2x 6 12 15 33
2x 6 12 15 32
2x 6 12 13 32
2x 6 11 43 44
2x 6 11 42 49
2x 6 11 41 49
2x 6 11 39 49
2x 6 11 38 46
2x 6 11 35 43
2x 6 11 35 38
2x 6 11 34 43
2x 6 11 31 45
2x 6 11 31 43
2x 6 11 31 34
2x 6 11 31 32
2x 6 11 27 38
2x 6 11 25 35
2x 6 11 25 33
2x 6 11 25 32
2x 6 11 24 45
2x 6 11 24 32
2x 6 11 23 48
2x 6 11 22 26
2x 6 11 21 43
2x 6 11 20 32
2x 6 11 19 43
2x 6 11 18 19
2x 6 11 17 42
2x 6 11 15 33
2x 6 11 15 25
2x 6 11 14 38
2x 6 11 14 26
2x 6 11 14 25
2x 6 11 14 15
2x 6 11 13 43
2x 6 11 12 17
2x 6 11 12 16
2x 6 10 30 49
2x 6 10 30 48
2x 6 10 23 45
2x 6 10 22 46
2x 6 10 22 43
2x 6 10 22 32
2x 6 10 21 42
2x 6 10 20 37
2x 6 10 20 29
2x 6 10 19 43
2x 6 10 18 48
2x 6 10 16 28
2x 6 10 15 44
2x 6 10 15 29
2x 6 10 15 20
2x 6 10 15 18
2x 5 9 43 47
2x 5 9 39 42
2x 5 9 38 49
2x 5 9 38 42
2x 5 9 38 40
2x 5 9 36 47
2x 5 9 34 42
2x 5 9 33 41
2x 5 9 33 35
2x 5 9 24 38
2x 5 9 21 22
2x 5 9 18 38
2x 5 9 16 43
2x 5 9 16 41
2x 5 9 16 29
2x 5 9 16 18
2x 5 9 14 38
2x 5 9 14 28
2x 5 9 12 46
2x 5 9 10 38
2x 5 8 45 49
2x 5 8 45 46
2x 5 8 44 49
2x 5 8 38 40
2x 5 8 35 48
2x 5 8 35 46
2x 5 8 34 42
2x 5 8 34 35
2x 5 8 29 49
2x 5 8 29 34
2x 5 8 25 31
2x 5 8 23 48
2x 5 8 23 40
2x 5 8 23 35
2x 5 8 23 29
2x 5 8 21 40
2x 5 8 19 28
2x 5 8 16 47
2x 5 8 15 48
2x 5 8 14 23
2x 5 8 10 18
2x 5 7 9 21
2x 5 7 9 16
2x 5 7 8 23
2x 5 7 8 21
2x 5 7 42 48
2x 5 7 42 46
2x 5 7 38 41
2x 5 7 35 46
2x 5 7 33 42
2x 5 7 31 46
2x 5 7 31 43
2x 5 7 31 35
2x 5 7 30 46
2x 5 7 30 34
2x 5 7 27 44
2x 5 7 26 42
2x 5 7 26 40
2x 5 7 24 32
2x 5 7 23 24
2x 5 7 22 48
2x 5 7 22 42
2x 5 7 22 41
2x 5 7 21 48
2x 5 7 21 46
2x 5 7 21 43
2x 5 7 21 42
2x 5 7 21 36
2x 5 7 21 31
2x 5 7 21 22
2x 5 7 20 44
2x 5 7 19 22
2x 5 7 17 47
2x 5 7 17 34
2x 5 7 17 30
2x 5 7 16 43
2x 5 7 16 18
2x 5 7 15 32
2x 5 7 15 24
2x 5 7 15 23
2x 5 7 14 41
2x 5 7 10 38
2x 5 6 9 36
2x 5 6 7 22
2x 5 6 7 10
2x 5 6 31 39
2x 5 6 30 45
2x 5 6 29 34
2x 5 6 29 32
2x 5 6 29 30
2x 5 6 26 44
2x 5 6 25 43
2x 5 6 22 38
2x 5 6 21 31
2x 5 6 20 45
2x 5 6 18 48
2x 5 6 18 22
2x 5 6 17 27
2x 5 6 16 28
2x 5 6 15 33
2x 5 6 14 26
2x 5 6 14 25
2x 5 6 11 26
2x 5 6 11 14
2x 5 43 47 49
2x 5 39 40 45
2x 5 38 43 47
2x 5 38 41 49
2x 5 38 41 42
2x 5 38 40 49
2x 5 37 41 48
2x 5 36 44 48
2x 5 33 41 48
2x 5 33 41 43
2x 5 33 40 41
2x 5 33 37 43
2x 5 33 35 40
2x 5 32 40 45
2x 5 32 34 40
2x 5 31 35 46
2x 5 30 33 49
2x 5 30 33 37
2x 5 29 47 49
2x 5 29 40 46
2x 5 29 30 44
2x 5 28 32 43
2x 5 28 32 40
2x 5 28 29 37
2x 5 27 42 47
2x 5 27 42 46
2x 5 27 41 44
2x 5 27 35 37
2x 5 27 34 35
2x 5 27 28 29
2x 5 26 31 40
2x 5 26 28 37
2x 5 26 28 29
2x 5 25 44 46
2x 5 25 43 49
2x 5 25 38 41
2x 5 25 38 40
2x 5 25 33 41
2x 5 25 31 41
2x 5 25 31 37
2x 5 25 30 41
2x 5 25 30 38
2x 5 24 38 47
2x 5 24 28 38
2x 5 24 27 28
2x 5 24 26 48
2x 5 23 41 48
2x 5 23 40 47
2x 5 23 40 41
2x 5 23 34 42
2x 5 22 47 48
2x 5 22 44 45
2x 5 22 39 46
2x 5 22 38 42
2x 5 22 38 41
2x 5 22 36 49
2x 5 22 35 38
2x 5 22 31 49
2x 5 22 27 49
2x 5 22 26 30
2x 5 22 26 29
2x 5 22 25 49
2x 5 22 23 37
2x 5 21 42 46
2x 5 21 35 40
2x 5 21 32 34
2x 5 21 31 48
2x 5 21 31 47
2x 5 21 31 43
2x 5 21 31 42
2x 5 21 27 36
2x 5 21 26 47
2x 5 21 26 31
2x 5 21 26 30
2x 5 21 25 36
2x 5 21 25 35
2x 5 20 48 49
2x 5 20 43 45
2x 5 20 41 49
2x 5 20 39 48
2x 5 20 33 43
2x 5 20 33 41
2x 5 20 33 37
2x 5 20 30 41
2x 5 20 30 33
2x 5 20 28 45
2x 5 20 27 45
2x 5 20 26 47
2x 5 20 26 41
2x 5 20 25 41
2x 5 20 24 49
2x 5 20 22 39
2x 5 19 41 46
2x 5 19 31 43
2x 5 19 27 38
2x 5 19 27 28
2x 5 19 23 41
2x 5 19 23 35
2x 5 19 22 42
2x 5 19 22 23
2x 5 19 21 28
2x 5 19 21 23
2x 5 19 20 47
2x 5 19 20 43
2x 5 18 41 48
2x 5 18 35 48
2x 5 18 35 42
2x 5 18 32 38
2x 5 18 29 48
2x 5 18 29 34
2x 5 18 29 32
2x 5 18 27 32
2x 5 18 27 29
2x 5 18 26 42
2x 5 18 26 41
2x 5 18 25 48
2x 5 18 25 40
2x 5 18 25 38
2x 5 18 25 32
2x 5 18 24 39
2x 5 18 24 33
2x 5 18 23 33
2x 5 18 23 30
2x 5 18 22 45
2x 5 18 22 43
2x 5 18 22 41
2x 5 18 22 38
2x 5 18 21 41
2x 5 18 21 36
2x 5 18 21 34
2x 5 18 20 41
2x 5 18 20 22
2x 5 18 19 35
2x 5 17 47 49
2x 5 17 43 47
2x 5 17 37 49
2x 5 17 30 34
2x 5 17 29 39
2x 5 17 28 29
2x 5 17 27 47
2x 5 17 26 41
2x 5 17 24 35
2x 5 17 24 26
2x 5 17 20 24
2x 5 17 19 47
2x 5 17 19 28
2x 5 17 19 21
2x 5 17 18 47
2x 5 16 41 48
2x 5 16 38 41
2x 5 16 37 39
2x 5 16 35 46
2x 5 16 34 40
2x 5 16 32 40
2x 5 16 28 40
2x 5 16 28 32
2x 5 16 26 43
2x 5 16 24 35
2x 5 16 22 45
2x 5 16 20 41
2x 5 16 17 24
2x 5 15 44 49
2x 5 15 38 49
2x 5 15 37 43
2x 5 15 36 39
2x 5 15 33 49
2x 5 15 31 37
2x 5 15 29 33
2x 5 15 27 29
2x 5 15 26 37
2x 5 15 24 32
2x 5 15 22 39
2x 5 15 22 37
2x 5 15 22 36
2x 5 15 21 48
2x 5 15 17 26
2x 5 15 17 24
2x 5 14 32 48
2x 5 14 29 38
2x 5 14 29 32
2x 5 14 28 31
2x 5 14 23 33
2x 5 14 23 32
2x 5 14 23 29
2x 5 14 22 36
2x 5 14 22 29
2x 5 14 20 45
2x 5 13 36 44
2x 5 13 30 47
2x 5 13 29 49
2x 5 13 29 32
2x 5 13 28 38
2x 5 13 28 32
2x 5 13 21 49
2x 5 13 21 25
2x 5 13 20 44
2x 5 13 18 35
2x 5 13 18 29
2x 5 13 18 22
2x 5 12 33 47
2x 5 12 33 37
2x 5 12 32 40
2x 5 12 29 34
2x 5 12 22 23
2x 5 12 19 28
2x 5 12 18 39
2x 5 12 18 33
2x 5 12 17 45
2x 5 12 15 48
2x 5 11 39 48
2x 5 11 29 35
2x 5 11 26 29
2x 5 11 22 48
2x 5 11 20 48
2x 5 11 20 39
2x 5 11 20 36
2x 5 11 19 28
2x 5 11 18 31
2x 5 11 18 19
2x 5 11 17 40
2x 5 11 16 40
2x 5 11 13 42
2x 5 11 13 39
2x 5 11 13 35
2x 5 11 13 21
2x 5 11 12 41
2x 5 11 12 13
2x 5 10 38 40
2x 5 10 30 45
2x 5 10 27 39
2x 5 10 26 33
2x 5 10 25 26
2x 5 10 23 29
2x 5 10 21 34
2x 5 10 16 31
2x 5 10 15 33
2x 5 10 15 23
2x 5 10 13 16
2x 5 10 12 47
2x 5 10 11 41
2x 5 10 11 39
2x 5 10 11 36
2x 5 10 11 35
2x 5 10 11 27
2x 42 43 45 48
2x 41 42 43 46
2x 40 42 44 48
2x 40 41 48 49
2x 40 41 44 48
2x 4 9 41 45
2x 4 9 40 44
2x 4 9 38 48
2x 4 9 38 45
2x 4 9 34 40
2x 4 9 25 35
2x 4 9 24 41
2x 4 9 24 29
2x 4 9 23 41
2x 4 9 23 24
2x 4 9 22 38
2x 4 9 20 35
2x 4 9 20 25
2x 4 9 19 30
2x 4 9 16 41
2x 4 9 16 34
2x 4 9 16 29
2x 4 9 16 25
2x 4 9 16 22
2x 4 9 15 19
2x 4 9 14 45
2x 4 9 14 41
2x 4 9 14 38
2x 4 9 14 31
2x 4 9 11 31
2x 4 8 45 48
2x 4 8 40 41
2x 4 8 38 44
2x 4 8 37 43
2x 4 8 36 39
2x 4 8 33 45
2x 4 8 33 43
2x 4 8 33 41
2x 4 8 32 43
2x 4 8 31 49
2x 4 8 30 44
2x 4 8 29 43
2x 4 8 25 41
2x 4 8 23 45
2x 4 8 23 42
2x 4 8 21 25
2x 4 8 17 48
2x 4 8 17 38
2x 4 8 17 25
2x 4 8 14 24
2x 4 8 12 25
2x 4 8 12 16
2x 4 8 11 39
2x 4 8 10 35
2x 4 8 10 25
2x 4 8 10 15
2x 4 8 10 12
2x 4 7 9 48
2x 4 7 9 34
2x 4 7 9 29
2x 4 7 35 36
2x 4 7 26 29
2x 4 7 25 38
2x 4 7 25 36
2x 4 7 24 37
2x 4 7 22 23
2x 4 7 20 37
2x 4 7 20 32
2x 4 7 17 36
2x 4 7 17 35
2x 4 7 16 29
2x 4 7 16 26
2x 4 7 14 38
2x 4 7 12 42
2x 4 7 12 36
2x 4 7 12 33
2x 4 7 12 27
2x 4 7 12 19
2x 4 7 11 42
2x 4 7 10 12
2x 4 6 8 31
2x 4 6 8 14
2x 4 6 46 48
2x 4 6 42 48
2x 4 6 41 49
2x 4 6 36 40
2x 4 6 33 45
2x 4 6 33 40
2x 4 6 31 37
2x 4 6 25 49
2x 4 6 25 41
2x 4 6 25 35
2x 4 6 23 41
2x 4 6 22 42
2x 4 6 22 31
2x 4 6 22 30
2x 4 6 20 48
2x 4 6 20 42
2x 4 6 20 37
2x 4 6 17 42
2x 4 6 17 41
2x 4 6 17 19
2x 4 6 16 23
2x 4 6 15 49
2x 4 6 15 38
2x 4 6 11 42
2x 4 6 11 20
2x 4 6 11 19
2x 4 6 11 17
2x 4 5 9 49
2x 4 5 9 43
2x 4 5 8 42
2x 4 5 7 20
2x 4 5 47 49
2x 4 5 42 47
2x 4 5 40 48
2x 4 5 40 43
2x 4 5 39 40
2x 4 5 37 45
2x 4 5 32 42
2x 4 5 31 43
2x 4 5 30 39
2x 4 5 27 42
2x 4 5 27 35
2x 4 5 25 39
2x 4 5 25 28
2x 4 5 25 26
2x 4 5 22 39
2x 4 5 22 25
2x 4 5 20 43
2x 4 5 20 39
2x 4 5 20 22
2x 4 5 19 22
2x 4 5 18 40
2x 4 5 18 22
2x 4 5 16 18
2x 4 5 15 32
2x 4 5 12 17
2x 4 5 10 34
2x 4 5 10 25
2x 4 5 10 11
2x 4 44 46 49
2x 4 43 46 48
2x 4 42 46 48
2x 4 42 43 48
2x 4 42 43 46
2x 4 42 43 45
2x 4 40 41 43
2x 4 39 40 46
2x 4 38 43 47
2x 4 38 43 44
2x 4 38 42 48
2x 4 38 40 43
2x 4 37 43 44
2x 4 36 38 46
2x 4 36 15 39
2x 4 35 40 44
2x 4 34 46 48
2x 4 34 40 47
2x 4 34 38 49
2x 4 34 38 39
2x 4 33 40 41
2x 4 33 38 39
2x 4 33 36 41
2x 4 33 36 40
2x 4 33 36 39
2x 4 32 46 49
2x 4 32 42 46
2x 4 32 42 45
2x 4 32 39 43
2x 4 32 37 45
2x 4 32 37 41
2x 4 32 35 41
2x 4 32 34 43
2x 4 32 34 39
2x 4 32 33 48
2x 4 32 33 36
2x 4 31 48 49
2x 4 31 38 49
2x 4 31 36 40
2x 4 31 35 40
2x 4 31 33 48
2x 4 31 32 48
2x 4 31 32 39
2x 4 31 32 36
2x 4 30 40 49
2x 4 30 38 40
2x 4 30 36 39
2x 4 30 33 45
2x 4 30 32 43
2x 4 30 32 39
2x 4 29 44 49
2x 4 29 34 46
2x 4 29 33 36
2x 4 29 32 43
2x 4 29 32 34
2x 4 29 30 49
2x 4 29 30 41
2x 4 28 43 46
2x 4 28 40 44
2x 4 28 33 49
2x 4 28 30 36
2x 4 27 40 44
2x 4 27 38 46
2x 4 27 37 40
2x 4 27 36 40
2x 4 27 33 40
2x 4 27 32 40
2x 4 27 31 41
2x 4 27 29 41
2x 4 27 28 39
2x 4 26 41 45
2x 4 26 38 49
2x 4 26 33 40
2x 4 26 32 48
2x 4 26 29 32
2x 4 26 27 40
2x 4 25 47 48
2x 4 25 33 40
2x 4 25 29 45
2x 4 25 29 36
2x 4 25 28 49
2x 4 25 27 40
2x 4 25 26 31
2x 4 24 38 40
2x 4 24 37 47
2x 4 24 37 44
2x 4 24 37 43
2x 4 24 34 37
2x 4 24 33 48
2x 4 24 32 45
2x 4 24 31 38
2x 4 24 29 37
2x 4 24 29 34
2x 4 24 29 30
2x 4 24 26 38
2x 4 24 26 31
2x 4 23 43 44
2x 4 23 36 49
2x 4 23 33 45
2x 4 23 31 48
2x 4 23 31 45
2x 4 23 31 43
2x 4 23 30 44
2x 4 23 29 38
2x 4 23 29 36
2x 4 23 27 28
2x 4 22 38 46
2x 4 22 36 46
2x 4 22 36 38
2x 4 22 35 40
2x 4 22 33 40
2x 4 22 32 42
2x 4 22 32 36
2x 4 22 26 38
2x 4 22 24 48
2x 4 22 23 44
2x 4 21 34 43
2x 4 21 32 43
2x 4 21 29 48
2x 4 21 29 41
2x 4 21 25 35
2x 4 21 25 31
2x 4 21 25 26
2x 4 21 24 29
2x 4 21 22 48
2x 4 21 22 43
2x 4 21 22 24
2x 4 20 47 49
2x 4 20 36 49
2x 4 20 33 48
2x 4 20 32 48
2x 4 20 30 49
2x 4 20 30 43
2x 4 20 29 44
2x 4 20 28 42
2x 4 20 27 40
2x 4 20 26 43
2x 4 20 26 32
2x 4 20 25 42
2x 4 20 25 35
2x 4 19 43 46
2x 4 19 38 39
2x 4 19 33 38
2x 4 19 32 42
2x 4 19 29 41
2x 4 19 28 46
2x 4 19 23 31
2x 4 18 44 46
2x 4 18 42 44
2x 4 18 34 40
2x 4 18 34 36
2x 4 18 33 49
2x 4 18 33 44
2x 4 18 29 44
2x 4 18 29 36
2x 4 18 28 49
2x 4 18 25 31
2x 4 18 24 44
2x 4 18 22 49
2x 4 18 22 23
2x 4 18 21 43
2x 4 18 21 38
2x 4 18 21 32
2x 4 17 42 47
2x 4 17 42 45
2x 4 17 41 47
2x 4 17 40 47
2x 4 17 37 48
2x 4 17 36 49
2x 4 17 36 44
2x 4 17 35 48
2x 4 17 34 42
2x 4 17 34 39
2x 4 17 33 34
2x 4 17 32 36
2x 4 17 31 36
2x 4 17 29 34
2x 4 17 28 34
2x 4 17 28 29
2x 4 17 27 28
2x 4 17 25 41
2x 4 17 25 40
2x 4 17 25 35
2x 4 17 25 32
2x 4 17 24 37
2x 4 17 24 35
2x 4 17 23 49
2x 4 17 20 35
2x 4 17 19 42
2x 4 17 18 42
2x 4 16 38 42
2x 4 16 35 46
2x 4 16 34 40
2x 4 16 33 40
2x 4 16 30 36
2x 4 16 26 30
2x 4 16 26 29
2x 4 16 24 44
2x 4 16 23 30
2x 4 16 23 26
2x 4 16 22 46
2x 4 16 22 36
2x 4 16 22 28
2x 4 16 21 43
2x 4 16 19 20
2x 4 16 17 42
2x 4 16 17 38
2x 4 16 17 36
2x 4 16 17 30
2x 4 16 17 20
2x 4 16 17 19
2x 4 15 46 47
2x 4 15 38 49
2x 4 15 38 47
2x 4 15 36 39
2x 4 15 32 41
2x 4 15 32 37
2x 4 15 30 41
2x 4 15 29 44
2x 4 15 25 49
2x 4 15 24 27
2x 4 15 20 47
2x 4 14 38 45
2x 4 14 36 44
2x 4 14 34 49
2x 4 14 33 38
2x 4 14 32 44
2x 4 14 32 43
2x 4 14 29 44
2x 4 14 29 36
2x 4 14 26 34
2x 4 14 25 38
2x 4 14 25 30
2x 4 14 24 40
2x 4 14 21 43
2x 4 14 17 45
2x 4 14 16 46
2x 4 14 15 38
2x 4 14 15 35
2x 4 13 43 47
2x 4 13 33 43
2x 4 13 29 30
2x 4 13 23 44
2x 4 13 23 36
2x 4 12 41 45
2x 4 12 38 42
2x 4 12 32 41
2x 4 12 30 44
2x 4 12 28 33
2x 4 12 27 44
2x 4 12 26 45
2x 4 12 25 45
2x 4 12 24 33
2x 4 12 21 43
2x 4 12 21 31
2x 4 12 21 24
2x 4 12 18 42
2x 4 12 18 31
2x 4 12 18 21
2x 4 12 17 45
2x 4 12 16 19
2x 4 12 14 19
2x 4 11 39 44
2x 4 11 38 39
2x 4 11 33 48
2x 4 11 32 48
2x 4 11 31 47
2x 4 11 26 47
2x 4 11 26 31
2x 4 11 20 49
2x 4 11 20 33
2x 4 11 20 30
2x 4 11 19 48
2x 4 11 19 38
2x 4 11 19 29
2x 4 11 17 42
2x 4 11 16 43
2x 4 11 15 25
2x 4 11 12 43
2x 4 11 12 16
2x 4 10 43 48
2x 4 10 37 43
2x 4 10 35 46
2x 4 10 32 41
2x 4 10 30 43
2x 4 10 25 43
2x 4 10 21 31
2x 4 10 20 26
2x 4 10 20 25
2x 4 10 19 43
2x 4 10 19 30
2x 4 10 19 25
2x 4 10 17 34
2x 4 10 16 46
2x 4 10 15 31
2x 4 10 13 30
2x 4 10 12 33
2x 4 10 12 19
2x 4 10 11 47
2x 39 47 48 49
2x 39 44 48 49
2x 39 44 47 49
2x 39 43 45 48
2x 39 42 48 49
2x 39 42 43 48
2x 39 41 48 49
2x 39 41 43 49
2x 39 41 42 43
2x 39 40 43 48
2x 38 43 44 47
2x 38 41 42 49
2x 38 39 44 46
2x 37 43 44 47
2x 37 41 47 49
2x 37 39 47 49
2x 37 39 46 48
2x 37 39 44 47
2x 37 39 43 47
2x 37 39 41 46
2x 37 39 40 45
2x 37 38 45 48
2x 37 38 42 43
2x 36 41 42 45
2x 36 39 44 48
2x 36 38 43 47
2x 36 38 39 44
2x 36 37 38 49
2x 35 43 45 46
2x 35 43 44 46
2x 35 42 47 48
2x 35 42 46 48
2x 35 41 47 49
2x 35 41 44 48
2x 35 39 47 48
2x 35 36 45 46
2x 35 36 43 47
2x 35 36 43 46
2x 35 36 38 44
2x 35 36 38 43
2x 34 45 48 49
2x 34 44 45 49
2x 34 43 45 48
2x 34 42 43 46
2x 34 41 42 46
2x 34 40 43 47
2x 34 39 47 49
2x 34 38 46 48
2x 34 38 41 45
2x 34 38 41 44
2x 34 38 40 48
2x 34 38 40 43
2x 34 37 44 49
2x 34 36 45 47
2x 34 36 42 43
2x 34 36 40 47
2x 34 36 38 41
2x 34 35 48 49
2x 34 35 47 49
2x 33 46 48 49
2x 33 45 47 48
2x 33 43 48 49
2x 33 43 46 48
2x 33 40 41 43
2x 33 39 44 46
2x 33 38 47 49
2x 33 38 44 47
2x 33 37 40 41
2x 33 37 38 49
2x 33 37 38 44
2x 33 36 38 43
2x 33 35 39 47
2x 33 34 41 42
2x 33 34 36 45
2x 32 44 48 49
2x 32 43 45 46
2x 32 41 42 46
2x 32 40 44 48
2x 32 39 48 49
2x 32 39 47 49
2x 32 39 47 48
2x 32 39 42 48
2x 32 39 42 44
2x 32 38 47 49
2x 32 38 44 49
2x 32 38 40 44
2x 32 37 48 49
2x 32 35 39 43
2x 32 34 48 49
2x 32 34 45 49
2x 32 34 41 48
2x 32 33 37 40
2x 31 43 44 45
2x 31 41 44 47
2x 31 40 41 49
2x 31 39 44 48
2x 31 39 44 45
2x 31 39 40 46
2x 31 37 40 45
2x 31 37 39 45
2x 31 36 38 49
2x 31 36 38 42
2x 31 35 39 46
2x 31 34 41 48
2x 31 34 41 44
2x 31 34 39 43
2x 31 34 37 42
2x 31 33 36 41
2x 31 32 44 48
2x 31 32 41 43
2x 31 32 39 43
2x 31 32 38 46
2x 31 32 33 43
2x 30 44 48 49
2x 30 41 44 48
2x 30 40 43 45
2x 30 35 44 48
2x 30 35 41 48
2x 30 35 41 44
2x 30 34 41 48
2x 30 33 37 43
2x 30 33 34 36
2x 30 32 39 40
2x 30 32 37 47
2x 30 32 33 46
2x 30 32 33 37
2x 30 31 41 48
2x 30 31 37 43
2x 30 31 36 38
2x 30 31 35 46
2x 30 31 34 49
2x 30 31 34 48
2x 30 31 33 43
2x 30 31 32 43
2x 30 31 32 37
2x 3 9 44 48
2x 3 9 41 47
2x 3 9 37 47
2x 3 9 37 39
2x 3 9 36 40
2x 3 9 36 37
2x 3 9 35 44
2x 3 9 35 39
2x 3 9 34 38
2x 3 9 34 35
2x 3 9 33 38
2x 3 9 30 38
2x 3 9 28 32
2x 3 9 27 48
2x 3 9 24 38
2x 3 9 23 33
2x 3 9 22 41
2x 3 9 20 38
2x 3 9 19 24
2x 3 9 15 36
2x 3 9 15 21
2x 3 9 12 48
2x 3 9 12 35
2x 3 9 11 44
2x 3 9 10 41
2x 3 9 10 18
2x 3 8 9 39
2x 3 8 9 34
2x 3 8 43 48
2x 3 8 37 42
2x 3 8 35 38
2x 3 8 34 47
2x 3 8 34 39
2x 3 8 34 38
2x 3 8 34 35
2x 3 8 32 40
2x 3 8 23 34
2x 3 8 21 26
2x 3 8 19 43
2x 3 8 18 26
2x 3 8 17 49
2x 3 8 17 30
2x 3 8 14 41
2x 3 8 13 49
2x 3 8 13 38
2x 3 8 13 34
2x 3 8 11 26
2x 3 8 10 17
2x 3 7 9 35
2x 3 7 43 45
2x 3 7 42 43
2x 3 7 41 46
2x 3 7 39 47
2x 3 7 38 43
2x 3 7 34 48
2x 3 7 33 35
2x 3 7 32 41
2x 3 7 31 43
2x 3 7 31 32
2x 3 7 29 37
2x 3 7 26 43
2x 3 7 25 36
2x 3 7 24 30
2x 3 7 23 37
2x 3 7 20 29
2x 3 7 18 39
2x 3 7 16 48
2x 3 7 12 42
2x 3 7 12 27
2x 3 6 9 48
2x 3 6 7 33
2x 3 6 7 28
2x 3 6 7 18
2x 3 6 7 10
2x 3 6 40 43
2x 3 6 40 41
2x 3 6 38 47
2x 3 6 37 38
2x 3 6 33 43
2x 3 6 32 40
2x 3 6 29 38
2x 3 6 29 31
2x 3 6 26 48
2x 3 6 26 47
2x 3 6 26 45
2x 3 6 26 37
2x 3 6 25 41
2x 3 6 23 45
2x 3 6 23 35
2x 3 6 21 44
2x 3 6 21 43
2x 3 6 19 22
2x 3 6 18 39
2x 3 6 17 33
2x 3 6 17 22
2x 3 6 16 23
2x 3 6 14 29
2x 3 6 13 38
2x 3 6 13 17
2x 3 6 12 45
2x 3 6 12 26
2x 3 6 12 22
2x 3 6 11 36
2x 3 5 9 34
2x 3 5 9 27
2x 3 5 8 43
2x 3 5 8 23
2x 3 5 47 49
2x 3 5 38 39
2x 3 5 37 49
2x 3 5 34 48
2x 3 5 33 47
2x 3 5 33 37
2x 3 5 32 48
2x 3 5 30 38
2x 3 5 27 35
2x 3 5 27 34
2x 3 5 25 49
2x 3 5 25 48
2x 3 5 25 46
2x 3 5 24 26
2x 3 5 22 27
2x 3 5 21 31
2x 3 5 17 47
2x 3 5 16 34
2x 3 5 11 27
2x 3 5 11 13
2x 3 5 10 13
2x 3 45 46 49
2x 3 42 47 48
2x 3 41 47 49
2x 3 41 45 49
2x 3 4 7 36
2x 3 4 7 25
2x 3 4 7 12
2x 3 4 6 46
2x 3 4 6 23
2x 3 4 5 49
2x 3 4 46 47
2x 3 4 39 43
2x 3 4 39 40
2x 3 4 35 49
2x 3 4 34 49
2x 3 4 34 47
2x 3 4 30 44
2x 3 4 29 49
2x 3 4 25 36
2x 3 4 24 40
2x 3 4 24 27
2x 3 4 21 43
2x 3 4 20 42
2x 3 4 20 24
2x 3 4 19 49
2x 3 4 19 41
2x 3 4 19 40
2x 3 4 19 24
2x 3 4 16 46
2x 3 4 16 31
2x 3 4 15 28
2x 3 4 13 43
2x 3 4 12 33
2x 3 4 12 30
2x 3 4 12 16
2x 3 4 11 40
2x 3 4 10 47
2x 3 4 10 34
2x 3 4 10 17
2x 3 39 42 48
2x 3 39 41 48
2x 3 38 43 49
2x 3 37 47 49
2x 3 37 42 49
2x 3 37 42 47
2x 3 37 39 47
2x 3 37 38 47
2x 3 37 38 46
2x 3 36 44 48
2x 3 36 40 48
2x 3 36 39 48
2x 3 36 37 38
2x 3 35 44 49
2x 3 35 44 48
2x 3 35 42 46
2x 3 35 38 49
2x 3 35 36 48
2x 3 34 37 47
2x 3 34 36 43
2x 3 34 35 48
2x 3 34 35 38
2x 3 33 46 47
2x 3 33 44 49
2x 3 33 37 42
2x 3 32 40 43
2x 3 32 40 41
2x 3 32 39 42
2x 3 32 33 40
2x 3 31 43 49
2x 3 31 42 49
2x 3 31 37 41
2x 3 31 37 40
2x 3 31 32 43
2x 3 31 32 41
2x 3 30 38 44
2x 3 29 42 49
2x 3 29 41 45
2x 3 29 38 49
2x 3 29 35 37
2x 3 29 32 37
2x 3 29 31 41
2x 3 28 41 45
2x 3 28 38 43
2x 3 28 32 36
2x 3 28 29 36
2x 3 27 46 48
2x 3 27 44 46
2x 3 27 38 44
2x 3 27 32 33
2x 3 26 42 46
2x 3 26 40 46
2x 3 26 38 47
2x 3 26 38 46
2x 3 26 34 47
2x 3 26 32 48
2x 3 26 32 38
2x 3 25 46 48
2x 3 25 44 46
2x 3 25 35 48
2x 3 25 35 36
2x 3 25 33 49
2x 3 25 33 43
2x 3 25 29 45
2x 3 25 29 36
2x 3 25 28 49
2x 3 25 27 49
2x 3 25 27 47
2x 3 24 44 49
2x 3 24 40 45
2x 3 24 38 49
2x 3 24 38 47
2x 3 24 38 46
2x 3 24 37 49
2x 3 24 37 46
2x 3 24 35 49
2x 3 24 35 42
2x 3 24 32 34
2x 3 24 31 34
2x 3 24 29 36
2x 3 24 26 32
2x 3 23 40 43
2x 3 23 40 41
2x 3 23 37 44
2x 3 23 35 48
2x 3 23 35 37
2x 3 23 34 48
2x 3 23 34 35
2x 3 23 33 38
2x 3 23 31 41
2x 3 23 29 35
2x 3 23 26 46
2x 3 23 25 29
2x 3 23 24 40
2x 3 22 36 43
2x 3 22 35 49
2x 3 22 30 36
2x 3 22 29 45
2x 3 22 27 42
2x 3 22 27 38
2x 3 22 27 34
2x 3 22 25 49
2x 3 22 25 45
2x 3 22 25 29
2x 3 21 42 47
2x 3 21 39 45
2x 3 21 38 46
2x 3 21 32 39
2x 3 21 32 34
2x 3 21 32 33
2x 3 21 31 46
2x 3 21 24 39
2x 3 20 47 49
2x 3 20 38 43
2x 3 20 38 39
2x 3 20 37 42
2x 3 20 33 37
2x 3 20 24 39
2x 3 20 24 35
2x 3 19 38 44
2x 3 19 38 43
2x 3 19 33 47
2x 3 19 33 38
2x 3 19 29 41
2x 3 19 27 47
2x 3 19 24 44
2x 3 19 24 40
2x 3 19 24 38
2x 3 19 20 47
2x 3 18 41 47
2x 3 18 40 43
2x 3 18 37 39
2x 3 18 35 43
2x 3 18 31 43
2x 3 18 29 46
2x 3 18 29 36
2x 3 18 27 49
2x 3 18 27 47
2x 3 18 27 36
2x 3 18 26 38
2x 3 18 24 42
2x 3 18 24 40
2x 3 18 23 43
2x 3 18 19 42
2x 3 18 19 24
2x 3 17 39 48
2x 3 17 39 42
2x 3 17 37 47
2x 3 17 36 39
2x 3 17 26 31
2x 3 17 25 44
2x 3 17 21 31
2x 3 17 21 26
2x 3 17 19 49
2x 3 17 19 40
2x 3 17 19 31
2x 3 17 19 26
2x 3 16 39 47
2x 3 16 36 38
2x 3 16 32 34
2x 3 16 32 33
2x 3 16 27 34
2x 3 16 26 48
2x 3 16 26 42
2x 3 16 22 42
2x 3 16 22 32
2x 3 16 21 33
2x 3 16 21 29
2x 3 16 17 30
2x 3 16 17 26
2x 3 15 36 48
2x 3 15 36 40
2x 3 15 35 37
2x 3 15 28 43
2x 3 15 28 33
2x 3 15 27 42
2x 3 15 22 36
2x 3 15 22 24
2x 3 15 20 41
2x 3 15 20 21
2x 3 15 19 41
2x 3 15 19 20
2x 3 15 18 21
2x 3 14 40 46
2x 3 14 40 41
2x 3 14 36 46
2x 3 14 35 38
2x 3 14 32 40
2x 3 14 29 31
2x 3 14 27 38
2x 3 14 24 44
2x 3 14 23 26
2x 3 14 18 24
2x 3 13 38 39
2x 3 13 34 43
2x 3 13 33 42
2x 3 13 30 49
2x 3 13 30 41
2x 3 13 30 37
2x 3 13 27 41
2x 3 13 26 37
2x 3 13 23 38
2x 3 13 20 24
2x 3 13 19 24
2x 3 13 19 20
2x 3 13 18 38
2x 3 13 18 26
2x 3 13 17 33
2x 3 13 17 22
2x 3 13 15 21
2x 3 12 44 49
2x 3 12 44 48
2x 3 12 37 40
2x 3 12 36 48
2x 3 12 35 48
2x 3 12 35 44
2x 3 12 33 49
2x 3 12 32 49
2x 3 12 30 49
2x 3 12 28 37
2x 3 12 26 45
2x 3 12 26 30
2x 3 12 24 37
2x 3 12 23 41
2x 3 12 23 33
2x 3 12 22 25
2x 3 12 16 38
2x 3 12 16 19
2x 3 12 14 32
2x 3 11 46 49
2x 3 11 45 49
2x 3 11 45 46
2x 3 11 43 44
2x 3 11 39 46
2x 3 11 36 48
2x 3 11 36 43
2x 3 11 36 41
2x 3 11 32 43
2x 3 11 29 46
2x 3 11 29 37
2x 3 11 28 32
2x 3 11 27 36
2x 3 11 26 47
2x 3 11 26 46
2x 3 11 26 45
2x 3 11 26 43
2x 3 11 26 27
2x 3 11 25 36
2x 3 11 25 35
2x 3 11 25 30
2x 3 11 24 46
2x 3 11 24 31
2x 3 11 21 46
2x 3 11 21 43
2x 3 11 17 20
2x 3 11 16 38
2x 3 11 16 36
2x 3 10 40 47
2x 3 10 38 49
2x 3 10 33 47
2x 3 10 32 42
2x 3 10 28 32
2x 3 10 25 44
2x 3 10 24 49
2x 3 10 24 47
2x 3 10 24 41
2x 3 10 23 33
2x 3 10 17 30
2x 3 10 13 38
2x 3 10 13 28
2x 3 10 13 27
2x 3 10 13 23
2x 3 10 11 43
2x 29 44 46 49
2x 29 42 46 49
2x 29 39 47 49
2x 29 39 42 48
2x 29 37 42 46
2x 29 37 40 48
2x 29 37 39 42
2x 29 37 38 45
2x 29 36 44 49
2x 29 36 42 49
2x 29 36 39 49
2x 29 36 37 49
2x 29 35 39 42
2x 29 35 38 49
2x 29 35 38 47
2x 29 35 37 39
2x 29 35 36 41
2x 29 34 46 49
2x 29 33 43 45
2x 29 33 37 42
2x 29 33 36 39
2x 29 32 38 46
2x 29 31 39 45
2x 29 31 37 49
2x 29 31 37 43
2x 29 31 37 39
2x 29 31 36 41
2x 29 31 35 46
2x 29 31 32 43
2x 29 30 41 49
2x 29 30 34 46
2x 29 30 34 39
2x 28 47 48 49
2x 28 46 48 49
2x 28 46 47 49
2x 28 43 46 48
2x 28 43 44 49
2x 28 42 46 49
2x 28 41 44 47
2x 28 41 43 46
2x 28 40 46 49
2x 28 39 45 47
2x 28 39 40 48
2x 28 38 39 46
2x 28 37 42 46
2x 28 36 44 48
2x 28 36 44 47
2x 28 36 43 44
2x 28 36 39 48
2x 28 36 39 40
2x 28 36 38 46
2x 28 36 37 42
2x 28 34 40 49
2x 28 33 46 48
2x 28 33 38 43
2x 28 33 36 41
2x 28 33 36 38
2x 28 32 43 46
2x 28 32 40 49
2x 28 32 35 36
2x 28 31 44 45
2x 28 31 43 44
2x 28 31 42 44
2x 28 31 42 43
2x 28 31 39 46
2x 28 31 38 42
2x 28 31 37 46
2x 28 31 36 48
2x 28 31 36 44
2x 28 31 34 49
2x 28 31 33 46
2x 28 31 33 39
2x 28 31 33 36
2x 28 30 47 49
2x 28 30 40 44
2x 28 30 34 48
2x 28 30 34 46
2x 28 30 34 44
2x 28 30 34 41
2x 28 30 33 46
2x 28 30 32 41
2x 28 30 31 49
2x 28 29 38 46
2x 28 29 34 46
2x 28 29 33 35
2x 28 29 30 44
2x 27 45 46 49
2x 27 45 46 48
2x 27 42 46 47
2x 27 42 45 47
2x 27 42 43 46
2x 27 41 44 47
2x 27 40 44 49
2x 27 39 41 47
2x 27 38 44 45
2x 27 37 41 49
2x 27 36 41 47
2x 27 36 39 47
2x 27 36 37 47
2x 27 34 45 49
2x 27 34 43 47
2x 27 34 41 46
2x 27 34 35 49
2x 27 34 35 43
2x 27 33 42 49
2x 27 32 46 48
2x 27 32 45 47
2x 27 32 43 48
2x 27 32 43 45
2x 27 32 41 45
2x 27 32 41 42
2x 27 32 33 41
2x 27 31 45 46
2x 27 31 41 46
2x 27 31 40 48
2x 27 31 37 49
2x 27 31 36 47
2x 27 31 32 43
2x 27 30 46 48
2x 27 30 44 47
2x 27 30 40 46
2x 27 30 39 47
2x 27 30 38 47
2x 27 29 43 49
2x 27 29 41 45
2x 27 29 34 46
2x 27 29 34 41
2x 27 29 32 45
2x 27 29 31 39
2x 27 29 31 38
2x 27 28 44 47
2x 27 28 41 47
2x 27 28 41 44
2x 27 28 39 47
2x 27 28 39 44
2x 27 28 33 36
2x 27 28 31 35
2x 27 28 29 37
2x 26 45 46 49
2x 26 44 48 49
2x 26 43 47 48
2x 26 43 45 47
2x 26 42 43 46
2x 26 40 42 46
2x 26 39 47 49
2x 26 39 44 47
2x 26 38 40 46
2x 26 38 39 47
2x 26 37 42 48
2x 26 36 47 48
2x 26 36 42 43
2x 26 36 41 42
2x 26 36 40 42
2x 26 36 39 49
2x 26 35 39 45
2x 26 35 39 43
2x 26 34 42 43
2x 26 33 45 48
2x 26 33 43 45
2x 26 32 43 45
2x 26 32 40 48
2x 26 32 38 39
2x 26 32 35 39
2x 26 32 34 43
2x 26 32 34 42
2x 26 31 43 45
2x 26 31 43 44
2x 26 31 40 49
2x 26 31 36 41
2x 26 31 35 36
2x 26 31 33 40
2x 26 31 33 38
2x 26 30 38 42
2x 26 30 38 40
2x 26 30 32 46
2x 26 29 42 48
2x 26 29 36 39
2x 26 29 32 48
2x 26 29 32 43
2x 26 29 32 34
2x 26 29 31 35
2x 26 28 39 43
2x 26 28 39 41
2x 26 28 30 40
2x 26 28 29 31
2x 26 27 45 46
2x 26 27 44 47
2x 26 27 43 46
2x 26 27 41 49
2x 26 27 40 46
2x 26 27 40 45
2x 26 27 40 41
2x 26 27 33 41
2x 26 27 33 38
2x 26 27 32 41
2x 26 27 31 45
2x 26 27 31 43
2x 26 27 29 37
2x 26 27 28 43
2x 26 27 28 39
2x 26 27 28 29
2x 25 41 47 49
2x 25 41 46 47
2x 25 41 43 47
2x 25 40 47 48
2x 25 39 48 49
2x 25 39 42 43
2x 25 39 41 49
2x 25 39 40 49
2x 25 38 43 44
2x 25 35 45 46
2x 25 35 44 48
2x 25 35 36 48
2x 25 34 44 46
2x 25 34 43 46
2x 25 34 41 47
2x 25 33 42 49
2x 25 33 41 49
2x 25 33 38 49
2x 25 33 38 44
2x 25 33 37 44
2x 25 32 41 46
2x 25 32 37 44
2x 25 32 35 46
2x 25 32 33 38
2x 25 31 47 48
2x 25 31 45 47
2x 25 31 37 41
2x 25 31 35 46
2x 25 31 35 38
2x 25 31 34 48
2x 25 30 41 42
2x 25 30 38 49
2x 25 30 38 41
2x 25 30 35 44
2x 25 30 35 41
2x 25 30 34 42
2x 25 30 34 41
2x 25 30 32 39
2x 25 30 31 49
2x 25 29 37 42
2x 25 29 34 36
2x 25 29 33 47
2x 25 29 33 37
2x 25 29 30 44
2x 25 28 41 47
2x 25 28 32 44
2x 25 28 30 40
2x 25 27 45 49
2x 25 27 40 43
2x 25 27 38 47
2x 25 27 35 39
2x 25 27 35 38
2x 25 26 34 48
2x 25 26 30 32
2x 25 26 28 39
2x 25 26 27 43
2x 24 44 45 49
2x 24 40 41 49
2x 24 38 44 45
2x 24 37 45 48
2x 24 37 44 46
2x 24 37 38 46
2x 24 36 45 49
2x 24 36 44 49
2x 24 36 44 45
2x 24 36 40 42
2x 24 36 37 48
2x 24 35 44 49
2x 24 35 39 47
2x 24 35 37 38
2x 24 35 36 40
2x 24 34 43 47
2x 24 33 44 49
2x 24 33 44 45
2x 24 33 39 47
2x 24 33 38 39
2x 24 33 37 46
2x 24 33 35 47
2x 24 32 40 48
2x 24 32 36 45
2x 24 32 36 40
2x 24 32 35 40
2x 24 31 42 48
2x 24 31 40 49
2x 24 31 40 48
2x 24 31 40 41
2x 24 31 37 43
2x 24 31 32 40
2x 24 30 39 47
2x 24 30 38 42
2x 24 30 36 49
2x 24 30 36 44
2x 24 30 36 38
2x 24 30 36 37
2x 24 30 34 45
2x 24 30 33 47
2x 24 30 32 46
2x 24 30 32 33
2x 24 30 31 49
2x 24 30 31 43
2x 24 30 31 36
2x 24 30 31 32
2x 24 29 36 46
2x 24 29 36 44
2x 24 28 44 45
2x 24 28 36 45
2x 24 28 33 36
2x 24 28 32 40
2x 24 28 30 44
2x 24 27 38 45
2x 24 27 36 39
2x 24 27 35 42
2x 24 27 35 36
2x 24 27 31 48
2x 24 27 31 34
2x 24 27 28 38
2x 24 26 32 37
2x 24 26 31 45
2x 24 26 31 40
2x 24 26 31 38
2x 24 26 30 37
2x 24 26 30 32
2x 24 26 27 45
2x 24 25 34 46
2x 24 25 30 31
2x 24 25 27 38
2x 24 25 27 35
2x 23 46 47 48
2x 23 41 42 47
2x 23 41 42 46
2x 23 38 45 46
2x 23 38 44 49
2x 23 38 43 47
2x 23 38 42 46
2x 23 38 40 49
2x 23 37 39 43
2x 23 34 45 49
2x 23 34 44 48
2x 23 34 38 46
2x 23 34 35 48
2x 23 33 38 49
2x 23 33 36 41
2x 23 32 39 44
2x 23 32 35 36
2x 23 31 32 37
2x 23 30 45 47
2x 23 30 41 45
2x 23 30 34 48
2x 23 30 34 40
2x 23 30 31 48
2x 23 29 37 43
2x 23 29 33 48
2x 23 29 33 44
2x 23 29 31 37
2x 23 28 47 48
2x 23 28 45 47
2x 23 28 35 42
2x 23 28 35 36
2x 23 28 30 45
2x 23 28 29 38
2x 23 27 46 48
2x 23 27 45 47
2x 23 27 39 45
2x 23 27 33 41
2x 23 27 33 36
2x 23 27 32 36
2x 23 27 32 33
2x 23 27 28 39
2x 23 26 42 46
2x 23 26 32 34
2x 23 26 31 47
2x 23 25 44 48
2x 23 25 40 48
2x 23 25 40 44
2x 23 25 35 46
2x 23 25 35 36
2x 23 25 32 43
2x 23 25 32 35
2x 23 25 31 46
2x 23 25 31 40
2x 23 25 29 44
2x 23 25 29 36
2x 23 25 29 35
2x 23 25 27 34
2x 23 24 40 43
2x 23 24 36 49
2x 23 24 36 38
2x 23 24 35 44
2x 23 24 35 36
2x 23 24 34 40
2x 23 24 32 34
2x 23 24 31 36
2x 23 24 28 42
2x 23 24 25 38
2x 23 24 25 36
2x 23 24 25 31
2x 22 44 48 49
2x 22 43 46 48
2x 22 42 43 45
2x 22 39 47 49
2x 22 39 42 43
2x 22 38 41 45
2x 22 38 40 48
2x 22 37 46 48
2x 22 37 43 48
2x 22 37 39 49
2x 22 37 39 47
2x 22 37 38 48
2x 22 37 38 46
2x 22 36 43 44
2x 22 36 38 46
2x 22 35 40 45
2x 22 35 39 43
2x 22 34 46 49
2x 22 34 40 48
2x 22 34 38 46
2x 22 34 35 43
2x 22 33 34 45
2x 22 31 39 45
2x 22 31 37 39
2x 22 31 35 49
2x 22 31 35 45
2x 22 31 35 40
2x 22 31 35 38
2x 22 31 33 35
2x 22 31 32 42
2x 22 30 48 49
2x 22 30 34 40
2x 22 29 46 49
2x 22 29 46 48
2x 22 29 41 42
2x 22 29 39 46
2x 22 29 33 37
2x 22 29 30 49
2x 22 28 38 46
2x 22 28 36 44
2x 22 27 45 46
2x 22 27 34 35
2x 22 27 32 49
2x 22 27 31 45
2x 22 26 45 49
2x 22 26 44 46
2x 22 26 39 45
2x 22 26 36 43
2x 22 26 34 43
2x 22 26 33 37
2x 22 26 31 40
2x 22 26 28 45
2x 22 26 28 42
2x 22 26 27 40
2x 22 25 45 47
2x 22 25 44 49
2x 22 25 35 49
2x 22 25 35 36
2x 22 25 33 44
2x 22 25 32 36
2x 22 25 29 45
2x 22 24 34 49
2x 22 24 26 31
2x 22 24 25 34
2x 22 23 47 49
2x 22 23 43 47
2x 22 23 35 38
2x 22 23 34 40
2x 22 23 33 43
2x 22 23 32 36
2x 22 23 30 34
2x 22 23 25 35
2x 21 44 48 49
2x 21 40 44 49
2x 21 40 41 49
2x 21 39 42 43
2x 21 39 41 43
2x 21 39 40 41
2x 21 38 45 49
2x 21 38 44 49
2x 21 38 43 47
2x 21 37 42 47
2x 21 36 37 42
2x 21 35 44 45
2x 21 35 39 43
2x 21 34 48 49
2x 21 34 45 49
2x 21 34 43 48
2x 21 34 42 49
2x 21 34 35 41
2x 21 34 35 39
2x 21 33 45 48
2x 21 33 43 45
2x 21 32 43 49
2x 21 32 42 46
2x 21 32 42 43
2x 21 32 39 42
2x 21 32 38 46
2x 21 32 34 42
2x 21 31 46 47
2x 21 31 38 46
2x 21 31 32 46
2x 21 31 32 38
2x 21 30 39 49
2x 21 30 36 43
2x 21 30 31 45
2x 21 29 37 43
2x 21 29 37 40
2x 21 29 33 44
2x 21 29 33 43
2x 21 29 31 38
2x 21 29 31 37
2x 21 28 44 45
2x 21 28 32 43
2x 21 27 38 40
2x 21 27 34 49
2x 21 27 28 49
2x 21 27 28 39
2x 21 27 28 36
2x 21 26 42 45
2x 21 26 32 47
2x 21 26 32 42
2x 21 26 31 45
2x 21 26 29 38
2x 21 25 37 44
2x 21 25 35 36
2x 21 25 26 31
2x 21 24 36 44
2x 21 24 30 32
2x 21 24 28 43
2x 21 24 28 36
2x 21 24 25 32
2x 21 23 44 49
2x 21 23 32 44
2x 21 23 29 47
2x 21 23 29 31
2x 21 22 45 48
2x 21 22 41 42
2x 21 22 40 43
2x 21 22 38 48
2x 21 22 37 42
2x 21 22 27 36
2x 21 22 25 45
2x 21 22 23 44
2x 21 22 23 42
2x 21 22 23 30
2x 20 43 47 48
2x 20 42 46 48
2x 20 42 43 48
2x 20 42 43 47
2x 20 42 43 44
2x 20 38 46 49
2x 20 38 44 49
2x 20 38 40 41
2x 20 38 39 45
2x 20 38 39 43
2x 20 37 46 48
2x 20 37 43 48
2x 20 37 41 48
2x 20 37 38 45
2x 20 36 43 47
2x 20 36 42 47
2x 20 36 39 44
2x 20 36 38 44
2x 20 36 38 43
2x 20 36 38 39
2x 20 35 40 49
2x 20 34 43 47
2x 20 34 38 39
2x 20 34 36 47
2x 20 33 43 49
2x 20 33 41 48
2x 20 33 39 40
2x 20 33 38 43
2x 20 33 37 47
2x 20 33 37 43
2x 20 33 36 41
2x 20 32 38 40
2x 20 32 33 43
2x 20 31 42 48
2x 20 31 40 47
2x 20 31 36 45
2x 20 30 46 48
2x 20 30 43 47
2x 20 29 44 49
2x 20 29 39 46
2x 20 29 35 46
2x 20 29 30 44
2x 20 28 38 43
2x 20 28 35 40
2x 20 27 38 40
2x 20 27 37 49
2x 20 27 36 41
2x 20 27 33 45
2x 20 27 32 48
2x 20 27 30 39
2x 20 26 42 45
2x 20 26 38 49
2x 20 26 33 47
2x 20 26 33 40
2x 20 26 32 48
2x 20 26 31 33
2x 20 26 29 48
2x 20 26 29 42
2x 20 26 27 44
2x 20 26 27 40
2x 20 26 27 37
2x 20 25 39 49
2x 20 25 35 47
2x 20 25 35 46
2x 20 25 33 42
2x 20 25 32 39
2x 20 25 31 40
2x 20 25 26 33
2x 20 24 41 43
2x 20 24 31 48
2x 20 24 30 46
2x 20 24 30 45
2x 20 24 30 38
2x 20 24 27 47
2x 20 24 27 43
2x 20 24 27 38
2x 20 24 27 36
2x 20 24 27 28
2x 20 24 25 39
2x 20 23 36 42
2x 20 23 36 41
2x 20 23 36 38
2x 20 23 35 42
2x 20 23 33 37
2x 20 23 28 42
2x 20 23 27 41
2x 20 23 27 36
2x 20 22 44 49
2x 20 22 44 46
2x 20 22 40 46
2x 20 22 40 41
2x 20 22 35 40
2x 20 22 33 37
2x 20 22 31 41
2x 20 22 30 41
2x 20 22 30 31
2x 20 22 29 49
2x 20 22 29 46
2x 20 22 27 40
2x 20 22 26 29
2x 20 22 25 46
2x 20 22 25 40
2x 20 21 30 46
2x 20 21 26 42
2x 20 21 26 31
2x 2 9 37 44
2x 2 9 28 38
2x 2 9 24 42
2x 2 9 22 44
2x 2 9 21 27
2x 2 9 20 40
2x 2 9 17 45
2x 2 9 16 37
2x 2 9 15 38
2x 2 9 14 44
2x 2 9 14 37
2x 2 9 14 16
2x 2 9 13 48
2x 2 9 12 38
2x 2 9 11 35
2x 2 9 11 29
2x 2 9 11 24
2x 2 9 10 24
2x 2 9 10 11
2x 2 8 41 49
2x 2 8 40 49
2x 2 8 31 42
2x 2 8 31 41
2x 2 8 31 36
2x 2 8 30 44
2x 2 8 27 42
2x 2 8 27 31
2x 2 8 26 39
2x 2 8 25 45
2x 2 8 25 41
2x 2 8 23 49
2x 2 8 23 41
2x 2 8 23 40
2x 2 8 19 39
2x 2 8 17 41
2x 2 8 17 36
2x 2 8 17 35
2x 2 8 17 31
2x 2 8 17 25
2x 2 8 14 41
2x 2 8 14 27
2x 2 8 14 23
2x 2 8 13 43
2x 2 8 11 35
2x 2 8 11 19
2x 2 7 39 43
2x 2 7 34 43
2x 2 7 34 35
2x 2 7 31 41
2x 2 7 30 33
2x 2 7 27 49
2x 2 7 27 47
2x 2 7 25 36
2x 2 7 25 27
2x 2 7 22 32
2x 2 7 22 30
2x 2 7 16 44
2x 2 7 16 20
2x 2 7 13 33
2x 2 6 7 44
2x 2 6 7 39
2x 2 6 7 20
2x 2 6 7 16
2x 2 6 36 47
2x 2 6 33 36
2x 2 6 28 40
2x 2 6 26 32
2x 2 6 25 38
2x 2 6 25 29
2x 2 6 21 31
2x 2 6 20 39
2x 2 6 20 24
2x 2 6 18 27
2x 2 6 16 44
2x 2 6 16 39
2x 2 6 15 31
2x 2 6 14 28
2x 2 6 13 34
2x 2 6 13 32
2x 2 6 13 26
2x 2 6 12 28
2x 2 5 9 30
2x 2 5 8 22
2x 2 5 7 47
2x 2 5 6 8
2x 2 5 6 26
2x 2 5 6 24
2x 2 5 6 22
2x 2 5 6 18
2x 2 5 6 16
2x 2 5 40 47
2x 2 5 37 43
2x 2 5 35 42
2x 2 5 29 39
2x 2 5 25 29
2x 2 5 24 48
2x 2 5 22 29
2x 2 5 19 47
2x 2 5 18 40
2x 2 5 18 29
2x 2 5 16 31
2x 2 5 13 22
2x 2 5 13 19
2x 2 5 10 42
2x 2 5 10 25
2x 2 40 41 43
2x 2 4 8 44
2x 2 4 8 40
2x 2 4 8 23
2x 2 4 6 8
2x 2 4 6 7
2x 2 4 6 44
2x 2 4 6 28
2x 2 4 5 8
2x 2 4 5 27
2x 2 4 5 26
2x 2 4 40 43
2x 2 4 38 40
2x 2 4 30 38
2x 2 4 28 40
2x 2 4 27 40
2x 2 4 23 45
2x 2 4 22 27
2x 2 4 22 23
2x 2 4 16 23
2x 2 39 47 49
2x 2 38 46 49
2x 2 38 43 47
2x 2 38 41 49
2x 2 38 41 44
2x 2 38 39 47
2x 2 37 47 49
2x 2 37 44 49
2x 2 37 40 49
2x 2 37 40 41
2x 2 37 39 47
2x 2 35 36 45
2x 2 34 40 41
2x 2 34 38 44
2x 2 34 37 44
2x 2 34 35 41
2x 2 33 42 48
2x 2 33 40 41
2x 2 32 41 48
2x 2 32 40 41
2x 2 32 39 46
2x 2 32 35 46
2x 2 32 35 39
2x 2 32 34 48
2x 2 31 46 47
2x 2 31 40 48
2x 2 31 32 43
2x 2 30 44 46
2x 2 30 32 39
2x 2 3 8 34
2x 2 3 7 42
2x 2 3 7 17
2x 2 3 6 39
2x 2 3 6 26
2x 2 3 6 23
2x 2 3 6 22
2x 2 3 4 6
2x 2 3 38 40
2x 2 3 31 42
2x 2 3 30 32
2x 2 3 29 37
2x 2 3 28 49
2x 2 3 26 46
2x 2 3 25 33
2x 2 3 22 27
2x 2 3 21 46
2x 2 3 21 38
2x 2 3 19 38
2x 2 3 17 46
2x 2 3 17 38
2x 2 3 17 19
2x 2 3 16 38
2x 2 3 12 38
2x 2 3 12 15
2x 2 3 11 46
2x 2 3 11 26
2x 2 29 39 47
2x 2 29 36 49
2x 2 29 32 39
2x 2 28 38 43
2x 2 28 30 32
2x 2 27 38 48
2x 2 27 37 48
2x 2 27 35 42
2x 2 27 31 41
2x 2 27 31 39
2x 2 27 31 38
2x 2 27 31 37
2x 2 26 39 49
2x 2 26 37 39
2x 2 26 32 39
2x 2 26 31 34
2x 2 26 29 39
2x 2 25 45 46
2x 2 25 38 49
2x 2 25 38 42
2x 2 25 34 48
2x 2 25 32 49
2x 2 25 32 38
2x 2 25 30 38
2x 2 25 30 32
2x 2 25 29 30
2x 2 25 28 38
2x 2 25 26 46
2x 2 25 26 37
2x 2 24 43 48
2x 2 24 37 46
2x 2 24 37 43
2x 2 24 34 42
2x 2 24 34 37
2x 2 24 33 46
2x 2 24 33 37
2x 2 24 26 42
2x 2 24 25 47
2x 2 23 42 46
2x 2 23 42 44
2x 2 23 40 41
2x 2 23 39 45
2x 2 23 38 46
2x 2 23 34 47
2x 2 23 34 42
2x 2 23 32 43
2x 2 23 26 42
2x 2 22 41 48
2x 2 22 37 41
2x 2 22 36 41
2x 2 22 32 39
2x 2 22 31 41
2x 2 22 31 32
2x 2 22 25 38
2x 2 22 25 35
2x 2 22 24 28
2x 2 22 23 28
2x 2 21 40 41
2x 2 21 37 40
2x 2 21 34 35
2x 2 21 31 47
2x 2 21 29 45
2x 2 21 29 39
2x 2 21 26 41
2x 2 21 26 36
2x 2 21 24 42
2x 2 21 24 32
2x 2 21 23 38
2x 2 20 42 48
2x 2 20 39 40
2x 2 20 33 43
2x 2 20 33 40
2x 2 20 32 43
2x 2 20 32 35
2x 2 20 24 48
2x 2 20 24 25
2x 2 19 40 47
2x 2 19 38 47
2x 2 19 38 46
2x 2 19 38 40
2x 2 19 32 48
2x 2 19 31 42
2x 2 19 30 32
2x 2 19 27 39
2x 2 19 25 47
2x 2 19 25 26
2x 2 19 23 35
2x 2 18 46 47
2x 2 18 39 47
2x 2 18 38 39
2x 2 18 36 47
2x 2 18 36 45
2x 2 18 36 44
2x 2 18 35 36
2x 2 18 34 44
2x 2 18 33 47
2x 2 18 30 47
2x 2 18 30 31
2x 2 18 27 45
2x 2 18 26 49
2x 2 18 26 41
2x 2 18 26 32
2x 2 18 25 27
2x 2 18 22 23
2x 2 18 21 26
2x 2 18 19 38
2x 2 18 19 35
2x 2 17 45 48
2x 2 17 38 44
2x 2 17 37 43
2x 2 17 26 37
2x 2 17 25 48
2x 2 17 25 45
2x 2 17 23 38
2x 2 17 19 28
2x 2 17 19 23
2x 2 17 18 26
2x 2 16 46 49
2x 2 16 45 48
2x 2 16 44 46
2x 2 16 42 46
2x 2 16 39 44
2x 2 16 37 39
2x 2 16 36 46
2x 2 16 30 35
2x 2 16 29 45
2x 2 16 26 39
2x 2 16 26 37
2x 2 16 26 33
2x 2 16 24 48
2x 2 16 21 48
2x 2 16 21 45
2x 2 16 21 37
2x 2 16 21 31
2x 2 16 21 29
2x 2 16 21 26
2x 2 16 19 38
2x 2 16 18 37
2x 2 16 18 26
2x 2 16 17 38
2x 2 16 17 33
2x 2 16 17 26
2x 2 15 33 39
2x 2 15 33 34
2x 2 15 32 44
2x 2 15 32 39
2x 2 15 28 44
2x 2 15 28 36
2x 2 15 28 35
2x 2 15 28 32
2x 2 15 28 31
2x 2 15 25 38
2x 2 15 24 39
2x 2 15 24 37
2x 2 15 22 42
2x 2 15 22 35
2x 2 15 20 33
2x 2 15 18 27
2x 2 15 17 43
2x 2 15 16 46
2x 2 15 16 20
2x 2 14 41 49
2x 2 14 40 44
2x 2 14 38 41
2x 2 14 37 47
2x 2 14 34 36
2x 2 14 33 49
2x 2 14 26 27
2x 2 14 24 34
2x 2 14 22 34
2x 2 14 21 45
2x 2 14 21 26
2x 2 14 19 39
2x 2 14 19 27
2x 2 14 19 25
2x 2 14 18 21
2x 2 14 17 48
2x 2 14 17 36
2x 2 14 16 47
2x 2 14 16 37
2x 2 14 16 36
2x 2 14 16 26
2x 2 13 47 49
2x 2 13 42 43
2x 2 13 40 43
2x 2 13 38 43
2x 2 13 38 40
2x 2 13 26 32
2x 2 13 25 45
2x 2 12 41 47
2x 2 12 35 44
2x 2 12 32 43
2x 2 12 28 40
2x 2 12 24 31
2x 2 12 23 32
2x 2 12 21 29
2x 2 12 19 38
2x 2 12 16 29
2x 2 12 15 39
2x 2 12 14 40
2x 2 12 14 36
2x 2 11 36 41
2x 2 11 32 49
2x 2 11 29 35
2x 2 11 25 40
2x 2 11 21 41
2x 2 11 18 38
2x 2 11 18 19
2x 2 11 17 45
2x 2 11 17 34
2x 2 11 17 19
2x 2 11 15 41
2x 2 11 14 34
2x 2 11 13 41
2x 2 11 13 40
2x 2 11 12 40
2x 2 10 40 41
2x 2 10 38 41
2x 2 10 32 35
2x 2 10 29 30
2x 2 10 26 37
2x 2 10 25 42
2x 2 10 25 38
2x 2 10 25 30
2x 2 10 23 44
2x 2 10 23 34
2x 2 10 22 34
2x 2 10 21 45
2x 2 10 20 25
2x 2 10 16 21
2x 2 10 15 44
2x 2 10 15 35
2x 2 10 15 32
2x 2 10 14 15
2x 19 43 44 46
2x 19 42 43 44
2x 19 41 43 44
2x 19 40 42 43
2x 19 39 47 49
2x 19 39 44 46
2x 19 38 44 47
2x 19 38 41 48
2x 19 38 39 48
2x 19 37 42 46
2x 19 37 39 48
2x 19 36 40 42
2x 19 35 36 43
2x 19 34 45 48
2x 19 34 43 49
2x 19 34 37 42
2x 19 33 42 49
2x 19 33 40 49
2x 19 33 38 39
2x 19 32 41 43
2x 19 32 40 49
2x 19 32 38 49
2x 19 32 37 48
2x 19 32 37 39
2x 19 32 35 43
2x 19 32 34 41
2x 19 31 39 40
2x 19 31 37 42
2x 19 31 36 41
2x 19 30 37 42
2x 19 30 32 41
2x 19 29 42 49
2x 19 29 42 46
2x 19 29 37 46
2x 19 29 36 41
2x 19 29 34 46
2x 19 29 31 39
2x 19 28 44 46
2x 19 28 43 46
2x 19 28 39 40
2x 19 28 36 41
2x 19 28 36 40
2x 19 28 36 38
2x 19 28 33 38
2x 19 28 32 46
2x 19 28 32 41
2x 19 27 47 48
2x 19 27 41 47
2x 19 27 40 44
2x 19 27 37 48
2x 19 27 33 38
2x 19 27 31 44
2x 19 27 31 40
2x 19 27 29 31
2x 19 27 28 38
2x 19 26 43 45
2x 19 26 42 43
2x 19 26 40 43
2x 19 26 40 42
2x 19 26 36 43
2x 19 26 36 42
2x 19 26 36 40
2x 19 26 34 43
2x 19 26 31 38
2x 19 26 30 40
2x 19 26 27 32
2x 19 25 42 49
2x 19 25 37 43
2x 19 25 30 34
2x 19 25 28 42
2x 19 25 28 37
2x 19 25 26 39
2x 19 24 44 46
2x 19 24 43 44
2x 19 24 41 44
2x 19 24 37 38
2x 19 24 36 38
2x 19 24 34 43
2x 19 24 34 35
2x 19 24 31 41
2x 19 24 30 36
2x 19 24 25 37
2x 19 24 25 31
2x 19 23 45 49
2x 19 23 34 40
2x 19 23 31 49
2x 19 23 31 32
2x 19 23 30 47
2x 19 23 30 36
2x 19 23 30 31
2x 19 23 28 30
2x 19 23 25 30
2x 19 23 24 43
2x 19 23 24 25
2x 19 22 42 43
2x 19 22 41 48
2x 19 22 32 42
2x 19 22 31 40
2x 19 22 31 32
2x 19 22 27 31
2x 19 22 25 45
2x 19 22 25 42
2x 19 21 44 46
2x 19 21 36 49
2x 19 21 36 43
2x 19 21 35 47
2x 19 21 35 43
2x 19 21 35 36
2x 19 21 32 36
2x 19 21 24 35
2x 19 20 42 49
2x 19 20 38 43
2x 19 20 35 40
2x 19 20 31 45
2x 19 20 29 44
2x 19 20 27 39
2x 19 20 25 33
2x 19 20 24 35
2x 18 46 47 49
2x 18 45 46 49
2x 18 44 46 49
2x 18 38 39 47
2x 18 37 43 49
2x 18 37 42 45
2x 18 36 41 47
2x 18 36 39 47
2x 18 35 38 39
2x 18 35 37 46
2x 18 35 37 42
2x 18 35 36 45
2x 18 34 40 49
2x 18 34 38 40
2x 18 34 35 43
2x 18 33 45 48
2x 18 33 36 47
2x 18 33 35 41
2x 18 31 43 49
2x 18 29 37 44
2x 18 29 33 48
2x 18 29 33 44
2x 18 29 33 37
2x 18 29 32 44
2x 18 28 45 46
2x 18 28 44 49
2x 18 28 35 49
2x 18 27 45 49
2x 18 27 41 48
2x 18 27 41 47
2x 18 27 38 39
2x 18 27 36 47
2x 18 27 34 39
2x 18 27 33 38
2x 18 27 33 35
2x 18 27 32 39
2x 18 27 32 36
2x 18 27 31 36
2x 18 27 29 36
2x 18 27 29 32
2x 18 27 28 36
2x 18 26 43 45
2x 18 26 43 44
2x 18 26 35 48
2x 18 26 35 46
2x 18 26 35 45
2x 18 26 35 39
2x 18 26 32 41
2x 18 26 32 40
2x 18 26 32 35
2x 18 26 28 49
2x 18 26 27 44
2x 18 25 48 49
2x 18 25 46 48
2x 18 25 45 49
2x 18 25 34 36
2x 18 25 31 38
2x 18 24 39 47
2x 18 24 31 44
2x 18 24 29 36
2x 18 24 28 44
2x 18 24 28 30
2x 18 24 26 32
2x 18 23 40 44
2x 18 23 33 37
2x 18 23 32 45
2x 18 23 32 44
2x 18 23 32 34
2x 18 23 31 38
2x 18 23 29 44
2x 18 23 29 40
2x 18 23 29 33
2x 18 23 27 32
2x 18 23 26 44
2x 18 23 25 44
2x 18 23 25 38
2x 18 23 24 45
2x 18 22 46 49
2x 18 22 38 49
2x 18 22 31 48
2x 18 22 31 45
2x 18 22 31 35
2x 18 22 29 44
2x 18 22 28 49
2x 18 22 27 39
2x 18 22 25 42
2x 18 22 23 38
2x 18 22 23 37
2x 18 21 41 44
2x 18 21 36 43
2x 18 21 36 41
2x 18 21 34 36
2x 18 21 32 43
2x 18 21 32 42
2x 18 21 32 39
2x 18 21 27 36
2x 18 21 26 32
2x 18 21 23 32
2x 18 21 22 43
2x 18 20 42 49
2x 18 20 35 40
2x 18 20 31 43
2x 18 20 26 27
2x 18 19 46 49
2x 18 19 42 49
2x 18 19 37 42
2x 18 19 35 43
2x 18 19 34 48
2x 18 19 34 43
2x 18 19 32 49
2x 18 19 31 41
2x 18 19 29 42
2x 18 19 29 39
2x 18 19 29 37
2x 18 19 28 46
2x 18 19 27 47
2x 18 19 22 25
2x 18 19 21 38
2x 17 42 47 48
2x 17 41 42 49
2x 17 41 42 48
2x 17 41 42 47
2x 17 39 44 48
2x 17 39 44 47
2x 17 37 43 48
2x 17 37 42 47
2x 17 37 39 45
2x 17 36 44 48
2x 17 36 37 44
2x 17 35 45 46
2x 17 35 43 46
2x 17 35 41 48
2x 17 35 38 44
2x 17 35 36 43
2x 17 35 36 40
2x 17 34 39 42
2x 17 33 46 47
2x 17 33 37 49
2x 17 33 37 45
2x 17 33 35 41
2x 17 32 41 43
2x 17 32 40 47
2x 17 31 42 43
2x 17 31 37 48
2x 17 31 36 39
2x 17 31 34 43
2x 17 31 33 49
2x 17 31 33 40
2x 17 30 45 49
2x 17 30 44 45
2x 17 30 41 43
2x 17 30 34 35
2x 17 30 32 37
2x 17 30 31 44
2x 17 29 44 48
2x 17 29 42 47
2x 17 29 40 47
2x 17 29 37 42
2x 17 28 44 47
2x 17 28 42 47
2x 17 28 37 49
2x 17 28 34 36
2x 17 28 29 40
2x 17 27 42 46
2x 17 27 35 42
2x 17 26 40 43
2x 17 26 29 47
2x 17 25 47 48
2x 17 25 42 43
2x 17 25 40 42
2x 17 25 35 45
2x 17 25 34 49
2x 17 25 29 44
2x 17 25 29 42
2x 17 25 28 37
2x 17 25 27 35
2x 17 25 26 42
2x 17 24 43 49
2x 17 24 39 43
2x 17 24 32 37
2x 17 24 30 32
2x 17 24 27 32
2x 17 24 26 43
2x 17 23 35 44
2x 17 23 33 40
2x 17 23 31 40
2x 17 23 31 38
2x 17 23 30 31
2x 17 23 29 44
2x 17 23 28 46
2x 17 23 27 35
2x 17 23 25 44
2x 17 23 25 29
2x 17 22 43 46
2x 17 22 37 46
2x 17 22 34 46
2x 17 22 31 38
2x 17 22 27 35
2x 17 21 45 47
2x 17 21 44 45
2x 17 21 34 38
2x 17 21 32 33
2x 17 21 28 31
2x 17 21 26 31
2x 17 21 24 40
2x 17 21 24 39
2x 17 21 22 32
2x 17 21 22 28
2x 17 20 46 47
2x 17 20 41 46
2x 17 20 40 48
2x 17 20 34 45
2x 17 20 34 41
2x 17 20 33 47
2x 17 20 27 47
2x 17 20 27 39
2x 17 20 26 28
2x 17 20 25 46
2x 17 20 23 31
2x 17 20 22 43
2x 17 19 40 46
2x 17 19 37 48
2x 17 19 36 49
2x 17 19 34 48
2x 17 19 34 46
2x 17 19 31 49
2x 17 19 29 46
2x 17 19 28 48
2x 17 19 28 41
2x 17 19 28 37
2x 17 19 28 30
2x 17 19 25 48
2x 17 19 25 37
2x 17 19 24 43
2x 17 19 23 47
2x 17 19 23 34
2x 17 19 23 28
2x 17 19 20 47
2x 17 19 20 29
2x 17 18 42 47
2x 17 18 33 34
2x 17 18 26 41
2x 17 18 24 44
2x 17 18 19 49
2x 17 18 19 46
2x 17 18 19 31
2x 16 46 47 48
2x 16 41 44 45
2x 16 40 42 43
2x 16 39 47 48
2x 16 39 41 49
2x 16 39 40 49
2x 16 39 40 41
2x 16 38 39 44
2x 16 37 41 49
2x 16 36 45 47
2x 16 36 38 41
2x 16 35 42 46
2x 16 34 45 47
2x 16 34 40 46
2x 16 34 40 43
2x 16 34 40 42
2x 16 34 38 40
2x 16 32 48 49
2x 16 32 37 49
2x 16 32 35 39
2x 16 31 46 47
2x 16 31 44 47
2x 16 31 41 47
2x 16 31 41 44
2x 16 31 37 49
2x 16 31 36 49
2x 16 30 45 46
2x 16 30 41 43
2x 16 30 39 42
2x 16 30 35 44
2x 16 29 38 47
2x 16 29 38 45
2x 16 29 32 43
2x 16 28 40 48
2x 16 28 39 40
2x 16 28 36 40
2x 16 28 32 40
2x 16 27 47 48
2x 16 27 45 49
2x 16 27 38 47
2x 16 27 37 48
2x 16 27 32 46
2x 16 27 32 39
2x 16 27 31 36
2x 16 26 44 46
2x 16 26 42 48
2x 16 26 35 48
2x 16 26 35 42
2x 16 26 32 38
2x 16 26 32 35
2x 16 26 30 42
2x 16 26 28 45
2x 16 25 41 47
2x 16 25 40 41
2x 16 25 37 40
2x 16 24 45 46
2x 16 24 44 46
2x 16 24 41 44
2x 16 24 36 42
2x 16 24 29 44
2x 16 23 44 47
2x 16 23 39 47
2x 16 23 29 38
2x 16 23 28 43
2x 16 23 26 47
2x 16 22 37 40
2x 16 22 35 40
2x 16 22 30 35
2x 16 22 25 27
2x 16 21 39 40
2x 16 21 35 40
2x 16 21 33 40
2x 16 21 29 32
2x 16 21 28 39
2x 16 21 27 49
2x 16 21 27 43
2x 16 21 26 47
2x 16 21 26 33
2x 16 21 26 32
2x 16 21 22 36
2x 16 21 22 27
2x 16 20 33 34
2x 16 20 32 38
2x 16 20 28 41
2x 16 20 24 30
2x 16 20 21 32
2x 16 19 38 39
2x 16 19 27 48
2x 16 19 27 37
2x 16 19 27 34
2x 16 19 25 39
2x 16 19 20 43
2x 16 18 45 46
2x 16 18 36 45
2x 16 18 35 37
2x 16 18 24 44
2x 16 18 21 47
2x 16 18 19 42
2x 16 18 19 37
2x 16 18 19 29
2x 16 17 35 41
2x 16 17 33 40
2x 16 17 30 42
2x 16 17 30 38
2x 16 17 30 36
2x 16 17 26 43
2x 16 17 26 33
2x 16 17 19 29
2x 16 17 19 21
2x 16 17 18 37
2x 16 17 18 19
2x 15 43 48 49
2x 15 41 42 49
2x 15 39 48 49
2x 15 39 44 46
2x 15 37 41 48
2x 15 36 37 42
2x 15 35 40 46
2x 15 35 38 44
2x 15 34 36 47
2x 15 33 37 49
2x 15 33 37 42
2x 15 33 37 38
2x 15 32 42 48
2x 15 32 37 49
2x 15 32 37 41
2x 15 32 36 37
2x 15 31 40 47
2x 15 31 38 48
2x 15 31 36 37
2x 15 31 33 35
2x 15 31 32 48
2x 15 31 32 47
2x 15 30 38 40
2x 15 30 34 41
2x 15 30 33 37
2x 15 30 33 34
2x 15 30 32 48
2x 15 30 32 43
2x 15 30 32 41
2x 15 30 31 44
2x 15 30 31 39
2x 15 30 31 32
2x 15 29 34 36
2x 15 28 46 47
2x 15 28 42 43
2x 15 28 39 44
2x 15 28 38 43
2x 15 28 37 42
2x 15 28 36 37
2x 15 28 32 43
2x 15 28 32 40
2x 15 28 32 34
2x 15 28 31 42
2x 15 28 30 41
2x 15 27 42 48
2x 15 27 40 45
2x 15 27 32 46
2x 15 27 32 37
2x 15 27 30 39
2x 15 26 32 37
2x 15 26 29 47
2x 15 26 29 42
2x 15 26 27 41
2x 15 25 42 48
2x 15 25 39 41
2x 15 25 32 48
2x 15 25 32 41
2x 15 25 32 33
2x 15 25 31 33
2x 15 25 30 42
2x 15 25 28 40
2x 15 25 27 48
2x 15 25 27 46
2x 15 25 27 32
2x 15 24 47 49
2x 15 24 43 46
2x 15 24 38 49
2x 15 24 36 40
2x 15 23 47 48
2x 15 23 35 44
2x 15 23 29 33
2x 15 23 25 32
2x 15 23 24 32
2x 15 22 38 40
2x 15 22 37 39
2x 15 22 34 41
2x 15 22 31 33
2x 15 22 28 42
2x 15 22 27 47
2x 15 22 27 42
2x 15 22 26 36
2x 15 21 36 37
2x 15 21 33 38
2x 15 21 27 47
2x 15 21 24 43
2x 15 21 24 39
2x 15 21 22 33
2x 15 21 22 31
2x 15 20 46 47
2x 15 20 34 41
2x 15 20 33 40
2x 15 20 27 40
2x 15 20 24 40
2x 15 20 24 27
2x 15 20 23 46
2x 15 20 22 26
2x 15 20 22 23
2x 15 20 21 33
2x 15 19 40 47
2x 15 19 38 43
2x 15 19 31 43
2x 15 19 30 33
2x 15 19 27 48
2x 15 19 25 33
2x 15 19 22 49
2x 15 19 22 33
2x 15 19 22 31
2x 15 19 21 22
2x 15 18 36 48
2x 15 18 33 38
2x 15 18 31 33
2x 15 18 28 44
2x 15 18 27 35
2x 15 18 27 33
2x 15 18 27 31
2x 15 18 24 44
2x 15 18 20 31
2x 15 18 20 29
2x 15 17 44 45
2x 15 17 41 49
2x 15 17 40 45
2x 15 17 39 43
2x 15 17 34 49
2x 15 17 34 41
2x 15 17 31 44
2x 15 17 31 40
2x 15 17 29 42
2x 15 17 29 32
2x 15 17 27 41
2x 15 17 27 29
2x 15 17 26 29
2x 15 17 25 41
2x 15 17 25 34
2x 15 17 24 43
2x 15 17 24 31
2x 15 17 23 35
2x 15 17 21 45
2x 15 17 21 43
2x 15 17 21 24
2x 15 17 20 41
2x 15 17 20 40
2x 15 17 20 34
2x 15 17 20 31
2x 15 17 18 44
2x 15 17 18 33
2x 15 17 18 31
2x 15 16 40 43
2x 15 16 35 37
2x 15 16 34 43
2x 15 16 34 40
2x 15 16 32 37
2x 15 16 32 36
2x 15 16 29 42
2x 15 16 27 31
2x 15 16 26 32
2x 15 16 25 37
2x 15 16 23 43
2x 15 16 21 35
2x 15 16 20 40
2x 15 16 20 33
2x 15 16 19 21
2x 15 16 18 37
2x 15 16 17 40
2x 15 16 17 29
2x 15 16 17 20
2x 15 16 17 19
2x 14 43 45 48
2x 14 43 44 46
2x 14 41 46 49
2x 14 40 43 46
2x 14 38 41 49
2x 14 38 41 43
2x 14 38 40 44
2x 14 37 45 47
2x 14 37 41 42
2x 14 36 45 46
2x 14 36 41 46
2x 14 35 39 42
2x 14 35 36 37
2x 14 34 44 46
2x 14 34 43 46
2x 14 34 38 49
2x 14 34 38 48
2x 14 33 43 49
2x 14 33 35 41
2x 14 33 35 38
2x 14 32 44 46
2x 14 32 34 40
2x 14 31 40 48
2x 14 31 39 49
2x 14 31 38 48
2x 14 31 34 48
2x 14 31 33 39
2x 14 31 32 45
2x 14 30 36 40
2x 14 30 35 37
2x 14 30 34 38
2x 14 30 31 38
2x 14 29 37 48
2x 14 29 36 49
2x 14 29 36 44
2x 14 29 32 37
2x 14 29 32 33
2x 14 29 31 49
2x 14 29 30 43
2x 14 28 43 47
2x 14 28 43 45
2x 14 28 32 40
2x 14 28 32 34
2x 14 28 31 33
2x 14 27 41 48
2x 14 27 37 48
2x 14 27 33 36
2x 14 27 31 39
2x 14 27 28 39
2x 14 26 41 45
2x 14 26 35 44
2x 14 26 35 36
2x 14 26 31 43
2x 14 26 30 41
2x 14 25 44 46
2x 14 25 43 49
2x 14 25 41 49
2x 14 25 41 46
2x 14 25 35 44
2x 14 25 31 41
2x 14 25 30 38
2x 14 25 30 35
2x 14 25 29 38
2x 14 24 46 48
2x 14 24 45 48
2x 14 24 41 45
2x 14 24 36 42
2x 14 24 34 48
2x 14 24 34 46
2x 14 24 33 49
2x 14 24 32 35
2x 14 24 31 41
2x 14 24 25 41
2x 14 24 25 31
2x 14 23 36 46
2x 14 23 33 36
2x 14 23 29 36
2x 14 23 28 36
2x 14 23 27 33
2x 14 23 27 30
2x 14 23 26 46
2x 14 23 25 36
2x 14 23 24 36
2x 14 23 24 25
2x 14 22 39 45
2x 14 22 36 46
2x 14 22 31 45
2x 14 22 31 39
2x 14 22 30 40
2x 14 22 30 36
2x 14 22 30 35
2x 14 21 34 48
2x 14 21 31 34
2x 14 21 30 38
2x 14 21 28 39
2x 14 21 28 38
2x 14 21 28 31
2x 14 21 27 39
2x 14 21 24 48
2x 14 21 23 36
2x 14 21 22 42
2x 14 20 42 48
2x 14 20 36 44
2x 14 20 32 43
2x 14 20 23 28
2x 14 19 44 46
2x 14 19 42 44
2x 14 19 39 49
2x 14 19 34 35
2x 14 19 31 39
2x 14 19 31 32
2x 14 19 30 33
2x 14 19 29 33
2x 14 19 29 32
2x 14 19 27 30
2x 14 19 25 41
2x 14 19 25 31
2x 14 19 24 41
2x 14 19 24 25
2x 14 19 23 30
2x 14 18 40 45
2x 14 18 35 41
2x 14 18 33 41
2x 14 18 33 39
2x 14 18 33 35
2x 14 18 32 38
2x 14 18 31 48
2x 14 18 31 41
2x 14 18 31 38
2x 14 18 31 32
2x 14 18 29 39
2x 14 18 27 38
2x 14 18 26 35
2x 14 18 24 48
2x 14 17 40 42
2x 14 17 36 44
2x 14 17 34 49
2x 14 17 30 36
2x 14 17 29 44
2x 14 17 25 49
2x 14 17 25 34
2x 14 17 22 39
2x 14 17 20 48
2x 14 17 18 33
2x 14 16 43 46
2x 14 16 40 46
2x 14 16 36 48
2x 14 16 30 47
2x 14 16 30 36
2x 14 16 28 39
2x 14 16 27 43
2x 14 16 24 30
2x 14 16 18 48
2x 14 16 18 43
2x 14 16 17 36
2x 14 15 37 48
2x 14 15 35 40
2x 14 15 34 49
2x 14 15 33 49
2x 14 15 32 47
2x 14 15 32 45
2x 14 15 28 33
2x 14 15 27 37
2x 14 15 20 35
2x 14 15 20 28
2x 14 15 20 26
2x 14 15 20 23
2x 14 15 19 33
2x 14 15 18 29
2x 13 44 48 49
2x 13 42 46 47
2x 13 41 42 43
2x 13 39 42 49
2x 13 39 42 46
2x 13 39 41 43
2x 13 39 40 44
2x 13 38 40 43
2x 13 35 45 46
2x 13 35 36 44
2x 13 34 36 43
2x 13 34 36 37
2x 13 34 35 48
2x 13 33 45 48
2x 13 33 45 47
2x 13 33 42 47
2x 13 32 40 43
2x 13 30 37 41
2x 13 30 33 46
2x 13 30 31 33
2x 13 29 47 49
2x 13 29 39 46
2x 13 29 35 49
2x 13 28 48 49
2x 13 28 38 48
2x 13 28 35 46
2x 13 28 33 39
2x 13 28 32 36
2x 13 28 32 33
2x 13 28 31 43
2x 13 28 31 33
2x 13 27 41 48
2x 13 27 38 39
2x 13 27 34 46
2x 13 27 33 48
2x 13 26 48 49
2x 13 26 44 49
2x 13 26 44 48
2x 13 26 44 47
2x 13 26 33 38
2x 13 26 31 43
2x 13 26 28 43
2x 13 26 28 31
2x 13 25 35 46
2x 13 24 41 48
2x 13 24 41 42
2x 13 24 37 41
2x 13 24 36 49
2x 13 24 32 40
2x 13 24 31 44
2x 13 24 28 31
2x 13 23 36 44
2x 13 23 35 39
2x 13 23 35 38
2x 13 23 34 46
2x 13 23 34 35
2x 13 23 27 34
2x 13 23 25 43
2x 13 22 47 48
2x 13 22 45 48
2x 13 22 42 43
2x 13 22 41 49
2x 13 22 40 46
2x 13 22 40 43
2x 13 22 39 43
2x 13 22 39 41
2x 13 22 33 48
2x 13 22 32 43
2x 13 22 26 29
2x 13 22 23 44
2x 13 22 23 35
2x 13 21 44 47
2x 13 21 36 46
2x 13 21 35 46
2x 13 21 35 44
2x 13 21 35 36
2x 13 21 34 46
2x 13 21 26 49
2x 13 21 26 44
2x 13 21 25 35
2x 13 21 25 34
2x 13 21 25 31
2x 13 21 22 48
2x 13 21 22 43
2x 13 21 22 42
2x 13 21 22 25
2x 13 20 42 45
2x 13 20 42 44
2x 13 20 36 44
2x 13 20 36 40
2x 13 20 33 48
2x 13 20 28 33
2x 13 20 27 33
2x 13 20 26 49
2x 13 20 26 44
2x 13 20 23 43
2x 13 20 23 35
2x 13 20 22 46
2x 13 20 22 42
2x 13 20 22 41
2x 13 19 31 41
2x 13 19 22 40
2x 13 19 20 21
2x 13 18 38 41
2x 13 18 38 39
2x 13 18 33 45
2x 13 18 31 46
2x 13 18 29 35
2x 13 18 28 44
2x 13 18 26 36
2x 13 18 25 28
2x 13 18 24 31
2x 13 18 19 28
2x 13 17 41 46
2x 13 17 37 44
2x 13 17 31 41
2x 13 17 25 34
2x 13 17 24 37
2x 13 17 24 35
2x 13 17 24 27
2x 13 17 21 48
2x 13 17 20 31
2x 13 17 20 27
2x 13 16 33 49
2x 13 16 32 40
2x 13 16 28 47
2x 13 16 27 49
2x 13 16 26 47
2x 13 16 26 32
2x 13 16 25 26
2x 13 16 21 22
2x 13 16 19 45
2x 13 16 19 27
2x 13 15 44 46
2x 13 15 40 46
2x 13 15 36 49
2x 13 15 32 49
2x 13 15 31 44
2x 13 15 28 48
2x 13 15 25 34
2x 13 15 25 33
2x 13 15 25 32
2x 13 15 21 31
2x 13 15 19 20
2x 13 14 42 45
2x 13 14 41 42
2x 13 14 33 42
2x 13 14 31 43
2x 13 14 23 41
2x 13 14 21 41
2x 13 14 18 27
2x 12 41 47 49
2x 12 40 42 48
2x 12 38 43 44
2x 12 38 42 49
2x 12 38 42 46
2x 12 36 45 47
2x 12 36 44 48
2x 12 36 40 42
2x 12 36 38 39
2x 12 35 44 48
2x 12 35 39 44
2x 12 35 36 44
2x 12 34 36 47
2x 12 34 35 49
2x 12 33 41 42
2x 12 33 36 41
2x 12 33 36 40
2x 12 31 42 48
2x 12 31 39 45
2x 12 31 36 37
2x 12 30 45 49
2x 12 30 34 39
2x 12 30 32 49
2x 12 30 32 39
2x 12 30 32 34
2x 12 30 31 49
2x 12 29 33 34
2x 12 28 41 42
2x 12 28 33 48
2x 12 28 32 48
2x 12 28 32 35
2x 12 28 32 33
2x 12 27 41 44
2x 12 27 39 45
2x 12 27 34 47
2x 12 27 32 46
2x 12 26 45 46
2x 12 26 42 49
2x 12 26 33 38
2x 12 26 32 47
2x 12 26 32 35
2x 12 26 31 43
2x 12 26 28 31
2x 12 26 27 45
2x 12 26 27 40
2x 12 26 27 38
2x 12 25 47 49
2x 12 25 43 44
2x 12 25 38 44
2x 12 25 38 43
2x 12 25 36 47
2x 12 25 33 49
2x 12 25 29 44
2x 12 25 29 33
2x 12 25 29 30
2x 12 25 28 45
2x 12 25 28 43
2x 12 24 44 45
2x 12 24 37 41
2x 12 24 37 38
2x 12 24 32 40
2x 12 24 32 34
2x 12 24 31 48
2x 12 24 31 32
2x 12 24 30 38
2x 12 24 30 31
2x 12 24 28 37
2x 12 24 26 45
2x 12 24 26 34
2x 12 24 25 45
2x 12 23 42 47
2x 12 23 40 44
2x 12 23 35 47
2x 12 23 35 42
2x 12 23 35 41
2x 12 23 34 41
2x 12 23 32 46
2x 12 23 29 41
2x 12 23 28 48
2x 12 23 28 45
2x 12 23 27 47
2x 12 23 27 35
2x 12 23 24 34
2x 12 22 41 43
2x 12 22 35 42
2x 12 22 33 42
2x 12 22 30 49
2x 12 22 29 42
2x 12 22 29 34
2x 12 22 27 41
2x 12 22 26 27
2x 12 22 25 38
2x 12 22 23 49
2x 12 21 41 44
2x 12 21 41 42
2x 12 21 34 44
2x 12 21 33 42
2x 12 21 26 38
2x 12 21 24 29
2x 12 20 33 46
2x 12 20 30 38
2x 12 19 43 45
2x 12 19 41 48
2x 12 19 34 48
2x 12 19 34 37
2x 12 19 30 49
2x 12 19 30 33
2x 12 19 26 27
2x 12 19 24 38
2x 12 19 24 37
2x 12 19 22 45
2x 12 19 22 43
2x 12 18 34 44
2x 12 18 33 37
2x 12 18 31 32
2x 12 18 30 32
2x 12 18 29 33
2x 12 18 27 44
2x 12 18 25 48
2x 12 18 25 44
2x 12 18 25 40
2x 12 18 25 29
2x 12 18 25 28
2x 12 18 24 44
2x 12 18 24 33
2x 12 18 19 28
2x 12 17 42 47
2x 12 17 35 40
2x 12 17 35 36
2x 12 17 31 37
2x 12 17 31 36
2x 12 17 30 32
2x 12 17 29 40
2x 12 17 24 32
2x 12 17 24 30
2x 12 17 23 34
2x 12 17 19 44
2x 12 17 18 32
2x 12 16 43 44
2x 12 16 40 42
2x 12 16 34 44
2x 12 16 33 49
2x 12 16 32 35
2x 12 16 30 42
2x 12 16 29 45
2x 12 16 28 48
2x 12 16 28 42
2x 12 16 28 40
2x 12 16 26 40
2x 12 16 26 32
2x 12 16 25 43
2x 12 16 21 29
2x 12 16 20 41
2x 12 15 47 49
2x 12 15 35 49
2x 12 15 34 36
2x 12 15 30 49
2x 12 15 30 32
2x 12 15 29 44
2x 12 15 29 34
2x 12 15 28 48
2x 12 15 25 32
2x 12 15 22 32
2x 12 15 21 48
2x 12 15 20 45
2x 12 15 17 25
2x 12 15 16 45
2x 12 15 16 30
2x 12 15 16 28
2x 12 15 16 20
2x 12 14 44 48
2x 12 14 42 49
2x 12 14 39 45
2x 12 14 34 36
2x 12 14 31 32
2x 12 14 27 46
2x 12 14 27 43
2x 12 14 24 48
2x 12 14 24 44
2x 12 14 19 44
2x 12 14 18 44
2x 12 14 17 46
2x 12 14 17 45
2x 12 14 17 38
2x 12 14 16 42
2x 12 13 43 49
2x 12 13 40 44
2x 12 13 38 43
2x 12 13 32 48
2x 12 13 32 40
2x 12 13 29 33
2x 12 13 28 44
2x 12 13 24 48
2x 12 13 24 41
2x 12 13 22 49
2x 12 13 22 23
2x 12 13 21 33
2x 12 13 18 45
2x 12 13 18 44
2x 12 13 18 32
2x 12 13 18 28
2x 12 13 16 26
2x 11 45 46 49
2x 11 45 46 48
2x 11 39 42 49
2x 11 39 41 49
2x 11 39 41 43
2x 11 38 44 49
2x 11 38 43 47
2x 11 38 41 42
2x 11 37 40 42
2x 11 36 41 49
2x 11 35 41 42
2x 11 35 39 44
2x 11 34 35 49
2x 11 32 42 46
2x 11 32 34 48
2x 11 31 39 43
2x 11 30 48 49
2x 11 30 41 44
2x 11 30 36 47
2x 11 30 35 48
2x 11 30 31 39
2x 11 29 38 39
2x 11 29 35 48
2x 11 29 35 47
2x 11 29 32 48
2x 11 29 32 43
2x 11 29 32 38
2x 11 29 32 36
2x 11 29 31 49
2x 11 29 30 32
2x 11 28 40 46
2x 11 28 32 36
2x 11 27 35 46
2x 11 27 34 47
2x 11 27 32 38
2x 11 27 28 41
2x 11 26 45 48
2x 11 26 43 45
2x 11 26 31 48
2x 11 26 31 47
2x 11 26 30 44
2x 11 25 42 48
2x 11 25 37 44
2x 11 25 35 43
2x 11 25 32 42
2x 11 25 32 37
2x 11 25 30 46
2x 11 24 46 47
2x 11 24 31 48
2x 11 24 27 31
2x 11 24 26 41
2x 11 23 35 47
2x 11 23 33 39
2x 11 23 31 35
2x 11 23 26 38
2x 11 23 24 31
2x 11 22 46 48
2x 11 22 44 48
2x 11 22 43 49
2x 11 22 43 44
2x 11 22 41 49
2x 11 22 41 42
2x 11 22 38 49
2x 11 22 37 40
2x 11 22 37 39
2x 11 22 30 42
2x 11 22 28 49
2x 11 22 27 48
2x 11 22 26 45
2x 11 22 26 43
2x 11 21 42 44
2x 11 21 41 46
2x 11 21 40 42
2x 11 21 27 48
2x 11 21 26 45
2x 11 21 26 42
2x 11 21 25 37
2x 11 21 22 47
2x 11 20 43 49
2x 11 20 38 49
2x 11 20 36 49
2x 11 20 36 48
2x 11 20 33 37
2x 11 20 27 49
2x 11 20 27 38
2x 11 20 27 34
2x 11 20 26 49
2x 11 20 26 38
2x 11 20 24 34
2x 11 20 23 29
2x 11 19 42 46
2x 11 19 41 48
2x 11 19 35 43
2x 11 19 27 33
2x 11 19 27 30
2x 11 19 25 30
2x 11 19 25 27
2x 11 19 23 30
2x 11 19 20 26
2x 11 18 44 46
2x 11 18 33 48
2x 11 18 33 46
2x 11 18 27 39
2x 11 18 25 42
2x 11 18 23 45
2x 11 18 23 36
2x 11 18 22 26
2x 11 18 20 33
2x 11 18 19 48
2x 11 18 19 42
2x 11 18 19 38
2x 11 18 19 35
2x 11 17 46 49
2x 11 17 41 46
2x 11 17 37 47
2x 11 17 34 45
2x 11 17 34 41
2x 11 17 33 34
2x 11 17 26 38
2x 11 17 23 31
2x 11 17 20 48
2x 11 17 20 41
2x 11 17 20 34
2x 11 17 20 33
2x 11 17 19 39
2x 11 17 19 36
2x 11 17 19 28
2x 11 17 19 26
2x 11 16 41 49
2x 11 16 35 44
2x 11 16 35 38
2x 11 16 34 40
2x 11 16 29 43
2x 11 16 29 36
2x 11 16 28 49
2x 11 16 28 41
2x 11 16 27 32
2x 11 16 26 32
2x 11 16 21 46
2x 11 16 19 36
2x 11 16 19 29
2x 11 16 17 35
2x 11 15 46 47
2x 11 15 42 49
2x 11 15 38 48
2x 11 15 34 43
2x 11 15 31 32
2x 11 15 30 31
2x 11 15 26 33
2x 11 15 21 22
2x 11 15 19 49
2x 11 15 19 22
2x 11 14 41 45
2x 11 14 37 48
2x 11 14 36 48
2x 11 14 34 46
2x 11 14 33 36
2x 11 14 30 46
2x 11 14 30 44
2x 11 14 25 46
2x 11 14 25 40
2x 11 14 25 28
2x 11 14 24 42
2x 11 14 24 36
2x 11 14 17 39
2x 11 14 17 31
2x 11 14 16 48
2x 11 13 41 42
2x 11 13 39 49
2x 11 13 32 40
2x 11 13 29 35
2x 11 13 27 48
2x 11 13 27 33
2x 11 13 24 41
2x 11 13 20 41
2x 11 13 19 30
2x 11 13 19 27
2x 11 13 18 32
2x 11 13 17 49
2x 11 13 15 41
2x 11 13 15 25
2x 11 12 42 47
2x 11 12 41 45
2x 11 12 39 44
2x 11 12 39 41
2x 11 12 37 41
2x 11 12 35 43
2x 11 12 34 48
2x 11 12 34 41
2x 11 12 32 48
2x 11 12 32 42
2x 11 12 31 34
2x 11 12 30 39
2x 11 12 30 32
2x 11 12 26 45
2x 11 12 24 31
2x 11 12 23 41
2x 11 12 23 35
2x 11 12 22 48
2x 11 12 22 41
2x 11 12 21 49
2x 11 12 21 44
2x 11 12 21 41
2x 11 12 21 22
2x 11 12 20 49
2x 11 12 19 48
2x 11 12 19 36
2x 11 12 19 34
2x 11 12 19 22
2x 11 12 19 21
2x 11 12 18 32
2x 11 12 17 41
2x 11 12 16 43
2x 11 12 15 49
2x 11 12 14 32
2x 11 12 13 42
2x 11 12 13 20
2x 10 40 41 49
2x 10 39 43 46
2x 10 38 45 47
2x 10 38 43 49
2x 10 38 43 47
2x 10 37 39 41
2x 10 37 38 49
2x 10 36 44 47
2x 10 36 37 44
2x 10 36 37 39
2x 10 35 40 45
2x 10 35 37 44
2x 10 35 36 41
2x 10 34 37 40
2x 10 34 36 43
2x 10 33 46 47
2x 10 33 40 41
2x 10 33 39 48
2x 10 33 37 41
2x 10 33 37 40
2x 10 33 36 41
2x 10 33 34 45
2x 10 32 37 39
2x 10 32 36 39
2x 10 32 36 37
2x 10 32 33 36
2x 10 31 45 49
2x 10 31 44 45
2x 10 31 41 49
2x 10 31 41 45
2x 10 31 40 49
2x 10 31 40 41
2x 10 31 32 38
2x 10 30 39 42
2x 10 30 38 39
2x 10 30 36 45
2x 10 29 39 47
2x 10 29 30 46
2x 10 28 40 46
2x 10 28 38 45
2x 10 28 34 38
2x 10 28 33 38
2x 10 28 32 43
2x 10 28 32 38
2x 10 28 32 35
2x 10 27 42 45
2x 10 27 35 45
2x 10 27 35 42
2x 10 27 32 49
2x 10 26 46 48
2x 10 26 42 48
2x 10 26 33 47
2x 10 26 31 47
2x 10 26 31 37
2x 10 26 28 45
2x 10 26 28 35
2x 10 25 47 49
2x 10 25 45 49
2x 10 25 40 42
2x 10 25 36 41
2x 10 25 31 34
2x 10 25 29 30
2x 10 25 27 32
2x 10 25 26 34
2x 10 24 47 49
2x 10 24 31 49
2x 10 24 31 41
2x 10 24 28 42
2x 10 24 27 41
2x 10 24 27 32
2x 10 24 27 31
2x 10 24 25 47
2x 10 24 25 41
2x 10 23 42 44
2x 10 23 40 42
2x 10 23 36 43
2x 10 23 34 44
2x 10 23 31 47
2x 10 23 30 40
2x 10 23 28 42
2x 10 23 26 33
2x 10 23 25 49
2x 10 23 25 41
2x 10 23 25 29
2x 10 23 24 35
2x 10 23 24 27
2x 10 23 24 25
2x 10 22 41 49
2x 10 22 41 47
2x 10 22 34 43
2x 10 22 34 37
2x 10 22 32 43
2x 10 22 31 44
2x 10 22 31 39
2x 10 22 30 40
2x 10 22 28 31
2x 10 22 26 31
2x 10 22 25 37
2x 10 22 25 32
2x 10 22 23 41
2x 10 22 23 40
2x 10 22 23 30
2x 10 21 37 39
2x 10 21 34 38
2x 10 21 31 41
2x 10 21 31 37
2x 10 21 25 35
2x 10 21 24 33
2x 10 21 23 45
2x 10 21 23 44
2x 10 21 23 37
2x 10 21 23 30
2x 10 21 22 44
2x 10 20 37 49
2x 10 20 37 46
2x 10 20 28 46
2x 10 20 27 37
2x 10 20 26 43
2x 10 20 26 37
2x 10 20 25 47
2x 10 20 22 41
2x 10 20 22 40
2x 10 19 44 46
2x 10 19 42 46
2x 10 19 35 45
2x 10 19 35 43
2x 10 19 33 35
2x 10 19 30 43
2x 10 19 29 33
2x 10 18 46 48
2x 10 18 40 45
2x 10 18 35 43
2x 10 18 28 38
2x 10 18 26 46
2x 10 18 25 48
2x 10 18 25 36
2x 10 18 25 29
2x 10 18 22 34
2x 10 18 20 43
2x 10 17 42 43
2x 10 17 37 38
2x 10 17 36 49
2x 10 17 34 38
2x 10 17 32 36
2x 10 17 31 43
2x 10 17 30 36
2x 10 17 29 39
2x 10 17 29 35
2x 10 17 28 36
2x 10 17 28 34
2x 10 17 28 29
2x 10 17 27 35
2x 10 17 25 41
2x 10 17 22 47
2x 10 17 22 31
2x 10 17 20 40
2x 10 17 20 22
2x 10 16 42 44
2x 10 16 40 44
2x 10 16 40 42
2x 10 16 39 42
2x 10 16 35 44
2x 10 16 32 43
2x 10 16 31 43
2x 10 16 30 42
2x 10 16 30 39
2x 10 16 29 44
2x 10 16 25 40
2x 10 16 24 32
2x 10 16 23 45
2x 10 16 23 40
2x 10 16 23 35
2x 10 16 22 40
2x 10 16 21 45
2x 10 16 17 43
2x 10 16 17 42
2x 10 16 17 30
2x 10 15 35 45
2x 10 15 34 49
2x 10 15 32 48
2x 10 15 32 37
2x 10 15 32 33
2x 10 15 31 34
2x 10 15 27 45
2x 10 15 27 32
2x 10 15 26 35
2x 10 15 25 48
2x 10 15 25 38
2x 10 15 23 33
2x 10 15 23 27
2x 10 15 21 38
2x 10 15 18 30
2x 10 15 18 21
2x 10 15 17 47
2x 10 15 17 22
2x 10 15 16 37
2x 10 14 46 48
2x 10 14 42 48
2x 10 14 42 46
2x 10 14 41 49
2x 10 14 40 48
2x 10 14 40 46
2x 10 14 40 45
2x 10 14 37 48
2x 10 14 31 39
2x 10 14 27 42
2x 10 14 23 45
2x 10 14 23 40
2x 10 14 23 28
2x 10 14 22 49
2x 10 14 22 39
2x 10 14 19 39
2x 10 14 19 31
2x 10 14 18 45
2x 10 14 18 40
2x 10 14 18 24
2x 10 14 17 39
2x 10 14 17 32
2x 10 14 17 31
2x 10 14 17 22
2x 10 14 17 19
2x 10 14 16 46
2x 10 14 16 35
2x 10 13 46 48
2x 10 13 39 49
2x 10 13 32 43
2x 10 13 27 48
2x 10 13 23 38
2x 10 13 23 34
2x 10 13 16 29
2x 10 12 47 49
2x 10 12 43 44
2x 10 12 38 49
2x 10 12 37 41
2x 10 12 34 49
2x 10 12 29 30
2x 10 12 28 32
2x 10 12 26 28
2x 10 12 24 44
2x 10 12 16 42
2x 10 12 16 40
2x 10 12 16 30
2x 10 12 15 49
2x 10 12 14 47
2x 10 12 14 29
2x 10 11 45 47
2x 10 11 38 47
2x 10 11 38 43
2x 10 11 36 49
2x 10 11 35 47
2x 10 11 35 38
2x 10 11 32 49
2x 10 11 32 42
2x 10 11 31 47
2x 10 11 28 46
2x 10 11 28 43
2x 10 11 27 48
2x 10 11 23 44
2x 10 11 23 42
2x 10 11 22 37
2x 10 11 21 48
2x 10 11 21 42
2x 10 11 20 28
2x 10 11 20 25
2x 10 11 18 23
2x 10 11 16 35
2x 10 11 15 48
2x 10 11 13 41
2x 10 11 13 32
2x 10 11 13 30
2x 10 11 13 18
2x 10 11 12 43
2x 10 11 12 32
2x 1 9 42 47
2x 1 9 38 44
2x 1 9 38 42
2x 1 9 30 45
2x 1 9 27 34
2x 1 9 25 44
2x 1 9 25 38
2x 1 9 24 41
2x 1 9 24 31
2x 1 9 24 27
2x 1 9 22 32
2x 1 9 21 25
2x 1 9 19 49
2x 1 9 17 42
2x 1 9 15 44
2x 1 9 15 42
2x 1 9 15 35
2x 1 9 15 30
2x 1 9 15 24
2x 1 9 15 23
2x 1 9 10 38
2x 1 9 10 11
2x 1 8 9 28
2x 1 8 37 47
2x 1 8 37 40
2x 1 8 32 38
2x 1 8 26 44
2x 1 8 26 27
2x 1 8 23 30
2x 1 8 22 42
2x 1 8 21 42
2x 1 8 19 39
2x 1 8 19 26
2x 1 8 18 38
2x 1 8 12 15
2x 1 8 11 15
2x 1 8 10 45
2x 1 7 44 49
2x 1 7 41 46
2x 1 7 41 45
2x 1 7 33 42
2x 1 7 32 47
2x 1 7 32 41
2x 1 7 28 29
2x 1 7 27 41
2x 1 7 23 40
2x 1 7 23 25
2x 1 7 22 42
2x 1 7 19 22
2x 1 7 16 37
2x 1 7 15 49
2x 1 7 15 25
2x 1 7 14 41
2x 1 7 14 40
2x 1 7 11 42
2x 1 7 11 36
2x 1 7 10 23
2x 1 6 8 10
2x 1 6 7 28
2x 1 6 7 20
2x 1 6 45 46
2x 1 6 30 31
2x 1 6 29 42
2x 1 6 29 38
2x 1 6 29 32
2x 1 6 25 41
2x 1 6 24 47
2x 1 6 23 38
2x 1 6 23 32
2x 1 6 21 31
2x 1 6 21 30
2x 1 6 20 46
2x 1 6 20 45
2x 1 6 20 32
2x 1 6 19 46
2x 1 6 17 45
2x 1 6 17 34
2x 1 6 11 32
2x 1 5 9 45
2x 1 5 9 33
2x 1 5 8 27
2x 1 5 7 42
2x 1 5 7 22
2x 1 5 7 14
2x 1 5 41 45
2x 1 5 36 40
2x 1 5 35 45
2x 1 5 33 38
2x 1 5 33 35
2x 1 5 22 26
2x 1 5 21 40
2x 1 5 21 36
2x 1 5 18 48
2x 1 5 16 48
2x 1 5 16 19
2x 1 5 14 48
2x 1 5 14 42
2x 1 5 14 22
2x 1 5 13 46
2x 1 5 13 37
2x 1 5 13 26
2x 1 46 48 49
2x 1 45 46 47
2x 1 43 46 48
2x 1 43 44 47
2x 1 4 5 19
2x 1 4 43 46
2x 1 4 39 43
2x 1 4 39 41
2x 1 4 38 40
2x 1 4 35 48
2x 1 4 35 45
2x 1 4 33 47
2x 1 4 33 38
2x 1 4 33 35
2x 1 4 31 48
2x 1 4 31 35
2x 1 4 31 32
2x 1 4 30 40
2x 1 4 30 38
2x 1 4 28 41
2x 1 4 27 28
2x 1 4 25 31
2x 1 4 24 33
2x 1 4 24 27
2x 1 4 20 43
2x 1 4 20 33
2x 1 4 20 24
2x 1 4 19 39
2x 1 4 19 31
2x 1 4 16 48
2x 1 4 16 46
2x 1 4 16 31
2x 1 4 14 33
2x 1 4 12 25
2x 1 4 11 40
2x 1 4 11 19
2x 1 39 47 49
2x 1 39 44 47
2x 1 38 40 49
2x 1 37 44 47
2x 1 37 43 47
2x 1 37 43 44
2x 1 37 39 44
2x 1 37 38 42
2x 1 35 40 45
2x 1 35 37 44
2x 1 33 46 48
2x 1 33 37 40
2x 1 32 33 46
2x 1 32 33 40
2x 1 31 40 45
2x 1 31 36 48
2x 1 31 35 45
2x 1 31 33 48
2x 1 31 32 43
2x 1 31 32 41
2x 1 30 40 47
2x 1 30 39 47
2x 1 30 38 40
2x 1 30 38 39
2x 1 30 35 37
2x 1 30 33 39
2x 1 30 33 37
2x 1 3 7 46
2x 1 3 47 49
2x 1 3 42 47
2x 1 3 40 45
2x 1 3 4 19
2x 1 3 39 45
2x 1 3 39 41
2x 1 3 38 46
2x 1 3 37 38
2x 1 3 32 46
2x 1 3 31 39
2x 1 3 31 37
2x 1 3 27 43
2x 1 3 26 48
2x 1 3 26 38
2x 1 3 24 49
2x 1 3 24 38
2x 1 3 21 38
2x 1 3 18 39
2x 1 3 17 30
2x 1 3 15 24
2x 1 3 13 21
2x 1 3 12 15
2x 1 3 11 44
2x 1 3 11 25
2x 1 3 10 25
2x 1 3 10 11
2x 1 29 38 45
2x 1 29 32 44
2x 1 29 32 38
2x 1 29 31 32
2x 1 28 47 49
2x 1 28 36 49
2x 1 28 34 48
2x 1 28 30 34
2x 1 28 29 31
2x 1 27 46 47
2x 1 27 41 46
2x 1 27 40 43
2x 1 27 35 38
2x 1 27 30 33
2x 1 27 29 44
2x 1 27 28 37
2x 1 27 28 31
2x 1 26 38 46
2x 1 26 35 41
2x 1 26 33 41
2x 1 26 32 48
2x 1 26 32 41
2x 1 26 28 31
2x 1 26 27 44
2x 1 26 27 40
2x 1 26 27 32
2x 1 26 27 29
2x 1 26 27 28
2x 1 25 36 40
2x 1 25 35 36
2x 1 25 33 44
2x 1 25 30 39
2x 1 25 29 47
2x 1 25 28 30
2x 1 25 26 48
2x 1 25 26 43
2x 1 25 26 39
2x 1 25 26 33
2x 1 25 26 30
2x 1 24 43 46
2x 1 24 39 47
2x 1 24 37 38
2x 1 24 34 43
2x 1 24 33 47
2x 1 24 32 49
2x 1 24 31 48
2x 1 24 31 32
2x 1 24 26 27
2x 1 24 25 39
2x 1 23 36 42
2x 1 23 31 36
2x 1 23 28 30
2x 1 23 24 42
2x 1 23 24 37
2x 1 23 24 36
2x 1 22 40 45
2x 1 22 37 44
2x 1 22 37 39
2x 1 22 36 41
2x 1 22 36 40
2x 1 22 32 40
2x 1 22 32 37
2x 1 22 31 45
2x 1 22 31 39
2x 1 22 30 42
2x 1 22 30 36
2x 1 22 24 32
2x 1 21 39 45
2x 1 21 37 42
2x 1 21 36 40
2x 1 21 30 38
2x 1 21 28 43
2x 1 21 28 42
2x 1 21 27 49
2x 1 21 24 49
2x 1 21 23 36
2x 1 21 23 24
2x 1 21 22 47
2x 1 20 41 42
2x 1 20 38 39
2x 1 20 34 39
2x 1 20 33 35
2x 1 20 29 39
2x 1 20 26 40
2x 1 20 26 27
2x 1 20 25 39
2x 1 20 24 27
2x 1 20 24 26
2x 1 20 22 32
2x 1 20 22 26
2x 1 2 9 27
2x 1 2 8 28
2x 1 2 7 35
2x 1 2 6 48
2x 1 2 5 36
2x 1 2 5 31
2x 1 2 47 49
2x 1 2 43 45
2x 1 2 37 40
2x 1 2 33 34
2x 1 2 30 43
2x 1 2 30 40
2x 1 2 30 38
2x 1 2 30 34
2x 1 2 3 48
2x 1 2 3 26
2x 1 2 3 21
2x 1 2 27 41
2x 1 2 26 27
2x 1 2 24 25
2x 1 2 23 44
2x 1 2 23 38
2x 1 2 22 48
2x 1 2 22 41
2x 1 2 21 40
2x 1 2 21 38
2x 1 2 21 37
2x 1 2 21 36
2x 1 2 21 30
2x 1 2 20 32
2x 1 2 19 39
2x 1 2 19 27
2x 1 2 16 31
2x 1 2 15 33
2x 1 2 11 41
2x 1 2 11 36
2x 1 2 11 26
2x 1 2 11 22
2x 1 2 10 35
2x 1 2 10 30
2x 1 19 47 49
2x 1 19 37 48
2x 1 19 32 42
2x 1 19 31 38
2x 1 19 31 34
2x 1 19 31 32
2x 1 19 27 48
2x 1 19 25 47
2x 1 18 46 49
2x 1 18 29 38
2x 1 18 25 48
2x 1 18 25 26
2x 1 18 20 27
2x 1 17 44 49
2x 1 17 42 44
2x 1 17 40 41
2x 1 17 29 42
2x 1 17 28 46
2x 1 17 27 42
2x 1 17 26 41
2x 1 17 25 41
2x 1 17 21 46
2x 1 17 21 24
2x 1 17 19 38
2x 1 17 18 40
2x 1 16 30 43
2x 1 16 26 35
2x 1 16 24 32
2x 1 16 23 44
2x 1 16 21 32
2x 1 16 20 33
2x 1 16 20 32
2x 1 16 20 31
2x 1 16 19 48
2x 1 16 18 48
2x 1 15 32 44
2x 1 15 31 32
2x 1 15 28 32
2x 1 15 23 24
2x 1 15 22 33
2x 1 15 21 24
2x 1 15 20 33
2x 1 15 20 22
2x 1 14 40 47
2x 1 14 40 46
2x 1 14 36 48
2x 1 14 36 40
2x 1 14 33 48
2x 1 14 32 42
2x 1 14 31 46
2x 1 14 30 49
2x 1 14 30 33
2x 1 14 29 46
2x 1 14 29 45
2x 1 14 28 43
2x 1 14 27 33
2x 1 14 26 45
2x 1 14 26 44
2x 1 14 22 42
2x 1 14 22 36
2x 1 14 22 30
2x 1 14 21 47
2x 1 14 21 22
2x 1 14 20 46
2x 1 14 20 45
2x 1 14 19 36
2x 1 14 19 21
2x 1 14 18 48
2x 1 14 16 21
2x 1 14 16 18
2x 1 13 47 49
2x 1 13 45 47
2x 1 13 42 43
2x 1 13 31 37
2x 1 13 30 37
2x 1 13 30 34
2x 1 13 27 45
2x 1 13 27 28
2x 1 13 26 46
2x 1 13 21 49
2x 1 12 39 45
2x 1 12 31 45
2x 1 12 30 41
2x 1 12 29 34
2x 1 12 26 45
2x 1 12 21 29
2x 1 12 20 38
2x 1 12 16 22
2x 1 12 15 29
2x 1 12 15 21
2x 1 12 14 46
2x 1 12 14 21
2x 1 11 26 47
2x 1 11 26 33
2x 1 11 25 31
2x 1 11 24 45
2x 1 11 22 42
2x 1 11 20 33
2x 1 11 20 32
2x 1 11 20 31
2x 1 11 20 24
2x 1 11 18 26
2x 1 11 16 36
2x 1 11 15 36
2x 1 11 15 33
2x 1 11 15 31
2x 1 11 15 25
2x 1 11 14 38
2x 1 11 14 36
2x 1 11 12 42
2x 1 10 45 49
2x 1 10 44 47
2x 1 10 38 48
2x 1 10 37 44
2x 1 10 35 45
2x 1 10 30 35
2x 1 10 27 29
2x 1 10 26 40
2x 1 10 26 31
2x 1 10 25 44
2x 1 10 25 29
2x 1 10 25 27
2x 1 10 23 30
2x 1 10 21 35
2x 1 10 20 37
2x 1 10 20 26
2x 1 10 18 25
2x 1 10 16 30
2x 1 10 15 35
2x 1 10 14 49
2x 1 10 14 45
2x 1 10 13 45
2x 1 10 11 25
