1 01.01.1956 4 22 27 36 38 46  
2 08.01.1956 6 21 22 37 41 42  
3 15.01.1956 1 9 16 19 29 49  
4 22.01.1956 12 17 23 27 35 40  
5 29.01.1956 5 6 18 22 38 43  
6 05.02.1956 12 26 35 36 42 43  
7 12.02.1956 1 14 23 27 30 33  
8 19.02.1956 8 20 26 35 38 42  
9 26.02.1956 1 30 32 42 45 48  
10 04.03.1956 4 6 17 19 41 47  
11 11.03.1956 6 9 20 22 26 28  
12 18.03.1956 3 10 24 26 38 49  
13 25.03.1956 3 16 18 19 37 42  
14 02.04.1956 7 10 22 25 32 43  
15 08.04.1956 2 19 25 30 32 39  
16 15.04.1956 1 12 14 31 32 46  
17 22.04.1956 10 19 21 24 33 35  
18 29.04.1956 4 18 34 36 40 47  
19 06.05.1956 1 3 39 41 45 49  
20 13.05.1956 4 31 32 34 39 43  
21 21.05.1956 6 12 22 31 37 42  
22 27.05.1956 5 33 35 36 38 43  
23 03.06.1956 11 17 33 34 35 36  
24 10.06.1956 10 14 16 23 40 46  
25 17.06.1956 5 19 25 38 41 46  
26 24.06.1956 14 16 18 32 37 43  
27 01.07.1956 5 13 21 25 35 44  
28 08.07.1956 3 20 42 43 47 48  
29 15.07.1956 12 17 19 23 34 48  
30 22.07.1956 5 8 10 18 38 48  
31 29.07.1956 9 10 17 23 27 35  
32 05.08.1956 9 23 25 31 40 46  
33 12.08.1956 4 10 11 26 31 47  
34 19.08.1956 5 6 14 33 34 40  
35 26.08.1956 3 11 16 25 29 36  
36 02.09.1956 14 26 31 40 48 49  
37 09.09.1956 15 22 27 28 42 47  
38 16.09.1956 4 8 17 18 23 42  
39 23.09.1956 5 6 9 21 22 31  
40 30.09.1956 9 10 24 27 36 39  
41 07.10.1956 6 9 29 33 36 44  
42 14.10.1956 10 11 12 25 32 42  
43 21.10.1956 1 2 22 36 41 48  
44 28.10.1956 5 17 29 39 47 49  
45 04.11.1956 7 16 19 33 38 39  
46 11.11.1956 7 14 29 34 36 49  
47 18.11.1956 14 16 28 37 39 40  
48 25.11.1956 6 9 16 25 36 44  
49 02.12.1956 9 10 15 21 27 47  
50 09.12.1956 6 7 11 13 32 43  
51 16.12.1956 15 17 20 23 31 35  
52 23.12.1956 1 5 13 45 47 49  \n
