1 06.01.1957 11 17 23 26 31 38  
2 13.01.1957 4 15 16 17 19 20  
3 20.01.1957 3 6 7 12 33 47  
4 27.01.1957 2 6 9 28 39 49  
5 03.02.1957 6 12 30 34 39 43  
6 10.02.1957 9 17 18 19 31 49  
7 17.02.1957 1 9 15 31 35 42  
8 24.02.1957 2 15 16 23 28 43  
9 03.03.1957 4 9 11 34 36 45  
10 10.03.1957 2 7 18 35 36 45  
11 17.03.1957 3 14 24 32 35 44  
12 24.03.1957 14 18 22 31 45 48  
13 31.03.1957 20 26 27 30 44 47  
14 07.04.1957 2 14 18 31 40 48  
15 14.04.1957 6 15 18 28 39 44  
16 22.04.1957 11 27 35 39 44 45  
17 28.04.1957 18 20 23 33 37 43  
18 05.05.1957 2 4 22 27 31 41  
19 12.05.1957 15 17 21 24 31 40  
20 19.05.1957 16 20 28 29 30 44  
21 26.05.1957 1 3 24 35 40 45  
22 02.06.1957 3 4 14 29 32 37  
23 10.06.1957 1 7 8 32 35 47  
24 16.06.1957 14 21 30 34 38 44  
25 23.06.1957 4 8 10 12 19 25  
26 30.06.1957 15 23 31 36 37 46  
27 07.07.1957 5 6 11 14 22 26  
28 14.07.1957 28 30 34 40 41 44  
29 21.07.1957 1 2 3 23 42 44  
30 28.07.1957 1 9 20 25 27 34  
31 04.08.1957 6 8 17 42 43 48  
32 11.08.1957 13 26 29 33 36 39  
33 18.08.1957 3 8 14 40 41 48  
34 25.08.1957 24 30 31 36 38 42  
35 01.09.1957 2 4 7 27 40 47  
36 08.09.1957 12 20 21 27 38 40  
37 15.09.1957 12 19 24 28 34 37  
38 22.09.1957 7 9 10 25 33 35  
39 29.09.1957 13 20 21 22 26 42  
40 06.10.1957 6 9 11 25 26 31  
41 13.10.1957 1 14 29 30 41 49  
42 20.10.1957 2 24 27 35 36 42  
43 27.10.1957 2 4 9 18 22 23  
44 03.11.1957 3 11 26 45 46 49  
45 10.11.1957 16 20 24 30 45 46  
46 17.11.1957 8 20 22 24 34 49  
47 24.11.1957 1 3 14 23 25 26  
48 01.12.1957 9 11 26 27 36 46  
49 08.12.1957 3 26 32 43 45 47  
50 15.12.1957 7 11 18 22 27 39  
51 22.12.1957 4 7 22 23 28 33  
52 29.12.1957 14 34 36 45 46 47  \n
