1 04.01.1959 2 13 27 34 41 46  
2 11.01.1959 7 18 28 44 45 46  
3 18.01.1959 2 4 6 40 41 43  
4 25.01.1959 5 27 28 41 44 47  
5 01.02.1959 1 6 25 26 33 41  
6 08.02.1959 6 11 13 15 25 33  
7 15.02.1959 6 8 11 25 29 33  
8 22.02.1959 5 18 29 44 47 49  
9 01.03.1959 2 18 21 33 37 46  
10 08.03.1959 1 10 11 16 36 39  
11 15.03.1959 14 21 29 37 40 48  
12 22.03.1959 5 19 26 34 43 49  
13 29.03.1959 7 10 16 23 35 49  
14 05.04.1959 2 18 19 23 35 39  
15 12.04.1959 2 28 33 39 42 48  
16 19.04.1959 4 16 20 22 28 46  
17 26.04.1959 1 8 14 15 21 40  
18 03.05.1959 5 7 30 31 35 46  
19 10.05.1959 14 19 22 42 43 44  
20 17.05.1959 1 7 27 41 46 49  
21 24.05.1959 1 4 5 19 28 41  
22 31.05.1959 8 17 22 25 44 49  
23 07.06.1959 10 11 21 23 42 44  
24 14.06.1959 17 19 28 30 32 41  
25 21.06.1959 10 23 24 28 35 42  
26 28.06.1959 3 4 21 34 42 43  
27 05.07.1959 2 9 18 36 44 49  
28 12.07.1959 23 25 29 31 35 46  
29 19.07.1959 2 9 13 26 40 46  
30 26.07.1959 14 30 31 34 38 48  
31 02.08.1959 6 14 24 37 45 48  
32 09.08.1959 9 11 26 33 35 36  
33 16.08.1959 9 13 15 16 28 31  
34 23.08.1959 2 13 19 31 41 42  
35 30.08.1959 11 14 16 33 35 36  
36 06.09.1959 3 8 9 18 26 29  
37 13.09.1959 1 9 15 16 23 44  
38 20.09.1959 11 26 31 45 46 48  
39 27.09.1959 1 9 22 24 30 32  
40 04.10.1959 15 16 17 19 21 29  
41 11.10.1959 5 6 17 31 34 39  
42 18.10.1959 2 11 19 38 40 45  
43 25.10.1959 6 18 19 26 29 39  
44 01.11.1959 12 18 25 29 33 37  
45 08.11.1959 19 20 31 36 38 45  
46 15.11.1959 3 7 23 29 35 37  
47 22.11.1959 4 15 23 38 43 47  
48 29.11.1959 3 4 5 14 34 49  
49 06.12.1959 1 2 20 21 29 37  
50 13.12.1959 5 14 20 32 43 45  
51 20.12.1959 20 22 25 27 40 42  
52 27.12.1959 8 17 25 31 47 48  \n
