1 05.01.1964 16 34 38 40 42 43  
2 12.01.1964 1 8 21 28 38 42  
3 19.01.1964 6 28 32 34 47 48  
4 26.01.1964 7 14 17 30 36 43  
5 02.02.1964 2 3 11 21 26 46  
6 09.02.1964 7 10 18 25 29 32  
7 16.02.1964 7 21 22 28 39 47  
8 23.02.1964 2 16 21 26 32 47  
9 01.03.1964 3 15 23 35 37 44  
10 08.03.1964 1 16 26 32 35 41  
11 15.03.1964 10 16 17 25 31 43  
12 22.03.1964 2 9 10 13 24 39  
13 30.03.1964 18 22 25 36 41 47  
14 05.04.1964 1 23 24 28 30 42  
15 12.04.1964 13 15 25 32 42 48  
16 19.04.1964 10 21 23 37 39 41  
17 26.04.1964 19 28 38 39 40 46  
18 03.05.1964 4 5 9 43 47 49  
19 10.05.1964 11 12 19 32 34 48  
20 18.05.1964 5 9 33 35 42 48  
21 24.05.1964 6 11 13 31 34 43  
22 31.05.1964 1 21 22 38 45 49  
23 07.06.1964 4 5 9 32 37 45  
24 14.06.1964 1 22 23 29 39 49  
25 21.06.1964 14 27 33 37 39 48  
26 28.06.1964 5 10 11 22 27 37  
27 05.07.1964 10 12 13 22 23 49  
28 12.07.1964 1 18 35 36 47 49  
29 19.07.1964 3 12 24 37 38 46  
30 26.07.1964 31 34 37 41 44 48  
31 02.08.1964 16 34 36 40 45 47  
32 09.08.1964 9 16 34 36 38 41  
33 16.08.1964 6 14 23 36 45 46  
34 23.08.1964 12 16 20 32 37 45  
35 30.08.1964 4 17 31 35 36 40  
36 06.09.1964 34 36 38 41 43 45  
37 13.09.1964 1 4 6 20 24 27  
38 20.09.1964 18 21 32 39 42 43  
39 27.09.1964 9 22 26 29 41 42  
40 04.10.1964 8 20 25 35 46 47  
41 11.10.1964 2 23 34 38 42 46  
42 18.10.1964 1 6 17 33 34 44  
43 25.10.1964 14 16 18 19 29 39  
44 01.11.1964 1 14 22 30 36 40  
45 08.11.1964 2 18 21 26 32 41  
46 15.11.1964 3 9 23 24 33 38  
47 22.11.1964 5 9 22 33 39 46  
48 29.11.1964 5 11 17 31 32 40  
49 06.12.1964 2 4 8 23 33 45  
50 13.12.1964 10 17 28 30 36 49  
51 20.12.1964 15 20 29 30 39 46  
52 27.12.1964 15 16 21 35 37 47  \n
