1 04.01.1969 3 12 16 36 38 39  
2 11.01.1969 2 15 20 33 39 40  
3 18.01.1969 14 15 35 36 37 40  
4 25.01.1969 5 9 10 38 40 49  
5 01.02.1969 2 9 10 11 24 35  
6 08.02.1969 5 22 24 33 38 42  
7 15.02.1969 14 15 19 21 33 38  
8 22.02.1969 20 26 27 37 40 45  
9 01.03.1969 6 21 29 33 43 45  
10 08.03.1969 9 21 36 41 42 48  
11 15.03.1969 1 4 15 28 30 41  
12 22.03.1969 9 11 32 41 45 49  
13 29.03.1969 15 17 27 29 30 41  
14 05.04.1969 16 25 27 32 35 46  
15 12.04.1969 15 16 31 40 43 47  
16 19.04.1969 8 9 19 24 34 43  
17 26.04.1969 2 23 34 40 45 49  
18 03.05.1969 1 18 25 26 46 48  
19 10.05.1969 14 21 25 34 48 49  
20 17.05.1969 3 10 13 27 46 48  
21 24.05.1969 4 11 12 13 32 48  
22 31.05.1969 17 26 29 40 43 47  
23 07.06.1969 3 12 22 30 45 49  
24 14.06.1969 2 15 18 24 36 48  
25 21.06.1969 8 20 25 31 40 47  
26 28.06.1969 3 11 17 20 41 46  
27 05.07.1969 9 21 22 40 43 45  
28 12.07.1969 1 10 20 22 26 40  
29 19.07.1969 11 14 32 34 44 46  
30 26.07.1969 13 21 26 44 48 49  
31 02.08.1969 7 14 24 33 43 49  
32 09.08.1969 5 8 22 25 31 49  
33 16.08.1969 1 14 17 33 38 47  
34 23.08.1969 6 10 23 33 36 40  
35 30.08.1969 3 4 15 25 28 49  
36 06.09.1969 11 12 33 36 39 40  
37 13.09.1969 12 22 26 27 40 41  
38 20.09.1969 5 9 18 24 25 38  
39 27.09.1969 10 33 39 43 46 48  
40 04.10.1969 3 11 15 21 29 37  
41 11.10.1969 2 4 6 7 20 39  
42 18.10.1969 8 14 17 27 36 45  
43 25.10.1969 4 7 12 14 19 36  
44 01.11.1969 7 10 19 28 32 38  
45 08.11.1969 3 10 15 18 21 46  
46 15.11.1969 4 12 18 21 38 42  
47 22.11.1969 29 36 37 38 39 49  
48 29.11.1969 1 6 23 29 32 38  
49 06.12.1969 9 22 34 38 41 45  
50 13.12.1969 7 10 31 39 44 45  
51 20.12.1969 6 8 13 15 48 49  
52 27.12.1969 3 9 12 29 35 49  \n
