1 06.01.1973 7 13 15 17 44 46  
2 13.01.1973 4 7 8 19 29 41  
3 20.01.1973 3 6 17 23 33 35  
4 27.01.1973 1 6 9 17 20 42  
5 03.02.1973 5 16 24 26 35 48  
6 10.02.1973 1 5 13 26 37 46  
7 17.02.1973 3 4 13 33 43 48  
8 24.02.1973 8 20 32 33 43 49  
9 03.03.1973 3 14 19 24 27 31  
10 10.03.1973 20 21 34 39 42 49  
11 17.03.1973 8 9 13 21 26 29  
12 24.03.1973 6 10 20 22 34 39  
13 31.03.1973 1 25 26 30 39 43  
14 07.04.1973 11 22 28 37 40 43  
15 14.04.1973 17 19 25 28 37 48  
16 21.04.1973 1 3 34 42 47 48  
17 28.04.1973 1 12 26 28 31 45  
18 05.05.1973 3 21 22 23 31 46  
19 12.05.1973 1 8 18 23 30 38  
20 19.05.1973 11 14 25 28 30 46  
21 26.05.1973 8 22 25 33 43 48  
22 02.06.1973 10 15 18 25 36 48  
23 09.06.1973 7 9 18 26 32 40  
24 16.06.1973 6 9 17 23 28 46  
25 23.06.1973 11 13 16 30 35 48  
26 30.06.1973 6 12 26 27 37 38  
27 07.07.1973 1 4 6 23 24 43  
28 14.07.1973 7 13 18 26 31 39  
29 21.07.1973 20 21 24 30 31 46  
30 28.07.1973 11 16 22 28 41 49  
31 04.08.1973 3 18 20 31 43 49  
32 11.08.1973 10 16 17 30 39 42  
33 18.08.1973 12 35 36 38 39 44  
34 25.08.1973 1 4 5 31 35 45  
35 01.09.1973 8 9 25 26 34 45  
36 08.09.1973 3 11 21 24 39 46  
37 15.09.1973 19 22 37 39 47 49  
38 22.09.1973 2 9 18 20 24 40  
39 29.09.1973 7 29 34 35 41 45  
40 06.10.1973 1 23 24 31 36 48  
41 13.10.1973 6 19 34 37 39 46  
42 20.10.1973 8 15 25 31 32 33  
43 27.10.1973 9 15 20 21 33 40  
44 03.11.1973 11 17 20 27 34 45  
45 10.11.1973 3 17 19 31 33 49  
46 17.11.1973 2 7 11 39 41 48  
47 24.11.1973 1 24 25 39 40 42  
48 01.12.1973 5 20 30 33 37 43  
49 08.12.1973 3 16 21 32 34 39  
50 15.12.1973 4 31 32 33 36 39  
51 22.12.1973 1 11 24 25 31 45  
52 29.12.1973 2 20 21 24 25 32  \n
