1 05.01.1974 8 17 22 31 37 38  
2 12.01.1974 13 15 22 28 37 48  
3 19.01.1974 4 15 21 29 41 44  
4 26.01.1974 7 12 14 26 35 44  
5 02.02.1974 1 12 20 30 38 39  
6 09.02.1974 10 14 17 19 31 32  
7 16.02.1974 2 3 25 26 33 46  
8 23.02.1974 3 7 8 15 20 41  
9 02.03.1974 2 3 8 17 22 49  
10 09.03.1974 20 30 32 38 39 40  
11 16.03.1974 5 7 8 26 31 40  
12 23.03.1974 12 13 17 18 32 45  
13 30.03.1974 4 7 20 24 37 47  
14 06.04.1974 4 21 22 24 29 48  
15 13.04.1974 1 7 32 39 47 49  
16 20.04.1974 23 30 41 42 45 47  
17 27.04.1974 24 26 27 31 38 45  
18 04.05.1974 3 6 12 26 33 45  
19 11.05.1974 6 15 19 26 44 45  
20 18.05.1974 20 36 37 41 43 48  
21 25.05.1974 10 11 28 29 35 48  
22 01.06.1974 6 16 38 41 44 48  
23 08.06.1974 16 21 22 25 27 36  
24 15.06.1974 3 4 16 20 24 39  
25 22.06.1974 5 8 20 30 33 49  
26 29.06.1974 13 28 30 37 43 49  
27 06.07.1974 1 2 5 21 36 40  
28 13.07.1974 2 7 22 25 26 35  
29 20.07.1974 1 2 26 27 33 41  
30 27.07.1974 19 20 27 29 31 39  
31 03.08.1974 2 12 16 21 29 45  
32 10.08.1974 4 7 10 12 19 42  
33 17.08.1974 27 30 31 36 38 47  
34 24.08.1974 6 12 21 36 45 47  
35 31.08.1974 11 14 17 30 31 44  
36 07.09.1974 3 8 15 22 23 27  
37 14.09.1974 3 13 24 26 32 37  
38 21.09.1974 12 17 31 36 37 39  
39 28.09.1974 3 4 6 16 23 46  
40 05.10.1974 3 16 24 35 44 49  
41 12.10.1974 1 5 22 24 27 28  
42 19.10.1974 13 15 21 22 31 33  
43 26.10.1974 12 20 31 42 46 48  
44 02.11.1974 6 9 35 38 39 45  
45 09.11.1974 2 27 29 32 45 47  
46 16.11.1974 22 28 29 43 46 48  
47 23.11.1974 12 27 28 32 41 42  
48 30.11.1974 8 19 22 29 32 40  
49 07.12.1974 10 14 22 27 32 49  
50 14.12.1974 6 9 14 42 45 48  
51 21.12.1974 9 10 17 20 22 47  
52 28.12.1974 6 7 22 23 42 46  \n
