1 08.01.1983 5 6 16 20 28 41  
2 15.01.1983 2 4 24 34 37 42  
3 22.01.1983 1 4 9 10 38 48  
4 29.01.1983 6 10 19 30 43 47  
5 05.02.1983 2 19 38 43 44 47  
6 12.02.1983 6 13 17 19 33 44  
7 19.02.1983 3 12 22 26 29 39  
8 26.02.1983 5 13 17 36 44 48  
9 05.03.1983 18 20 26 27 37 39  
10 12.03.1983 1 15 29 31 32 44  
11 19.03.1983 9 22 34 37 45 48  
12 26.03.1983 1 7 11 26 27 42  
13 02.04.1983 4 5 15 32 39 46  
14 09.04.1983 8 18 35 40 42 46  
15 16.04.1983 6 10 12 15 32 44  
16 23.04.1983 4 12 30 32 34 39  
17 30.04.1983 2 18 33 38 39 47  
18 07.05.1983 6 9 21 38 44 49  
19 14.05.1983 5 13 20 42 43 44  
20 21.05.1983 1 2 20 23 32 35  
21 28.05.1983 9 11 17 24 35 43  
22 04.06.1983 1 9 15 35 38 44  
23 11.06.1983 8 26 36 38 40 46  
24 18.06.1983 2 16 21 27 37 48  
25 25.06.1983 4 5 31 32 33 48  
26 02.07.1983 2 8 14 24 27 34  
27 09.07.1983 11 21 26 32 33 44  
28 16.07.1983 8 37 39 41 46 48  
29 23.07.1983 3 16 27 44 46 48  
30 30.07.1983 8 25 38 41 42 49  
31 06.08.1983 14 15 31 32 45 47  
32 13.08.1983 3 9 18 41 47 49  
33 20.08.1983 8 10 29 36 47 49  
34 27.08.1983 3 18 19 27 41 47  
35 03.09.1983 4 13 17 24 35 37  
36 10.09.1983 6 27 31 41 45 46  
37 17.09.1983 2 8 25 34 41 49  
38 24.09.1983 7 11 13 19 23 30  
39 01.10.1983 1 11 15 16 20 33  
40 08.10.1983 3 19 20 27 33 47  
41 15.10.1983 7 9 12 20 33 46  
42 22.10.1983 1 6 13 21 30 37  
43 29.10.1983 9 19 21 29 44 46  
44 05.11.1983 13 15 24 30 43 47  
45 12.11.1983 2 23 27 30 46 48  
46 19.11.1983 2 3 11 16 38 40  
47 26.11.1983 2 16 17 26 30 33  
48 03.12.1983 9 15 33 37 42 49  
49 10.12.1983 3 19 20 28 38 43  
50 17.12.1983 1 7 8 11 15 36  
51 24.12.1983 15 17 31 32 40 47  
52 31.12.1983 2 9 17 21 27 45  \n
