1 07.01.1984 6 19 22 40 41 46  
2 14.01.1984 10 15 23 27 32 33  
3 21.01.1984 3 7 16 24 28 46  
4 28.01.1984 3 7 12 22 25 31  
5 04.02.1984 10 32 36 37 39 44  
6 11.02.1984 2 14 15 33 38 49  
7 18.02.1984 3 7 19 39 41 46  
8 25.02.1984 1 6 22 30 31 36  
9 03.03.1984 21 25 28 32 44 45  
10 10.03.1984 9 13 28 32 42 47  
11 17.03.1984 6 22 24 32 45 47  
12 24.03.1984 6 15 17 23 35 44  
13 31.03.1984 8 13 14 21 31 43  
14 07.04.1984 5 11 29 32 43 48  
15 14.04.1984 1 16 20 21 32 47  
16 21.04.1984 9 24 26 30 36 37  
17 28.04.1984 5 12 18 33 37 47  
18 05.05.1984 1 2 6 7 35 40  
19 12.05.1984 4 23 24 26 31 47  
20 19.05.1984 11 13 17 29 32 38  
21 26.05.1984 1 21 27 34 35 41  
22 02.06.1984 8 10 23 32 36 43  
23 09.06.1984 1 5 7 14 41 45  
24 16.06.1984 22 27 36 37 39 47  
25 23.06.1984 2 6 22 25 35 36  
26 30.06.1984 4 6 10 22 30 43  
27 07.07.1984 10 18 26 35 46 48  
28 14.07.1984 3 10 20 33 40 47  
29 21.07.1984 4 10 14 16 35 46  
30 28.07.1984 5 8 16 18 21 47  
31 04.08.1984 12 29 31 37 39 45  
32 11.08.1984 11 15 19 22 38 49  
33 18.08.1984 1 4 6 17 25 41  
34 25.08.1984 3 5 11 13 33 42  
35 01.09.1984 5 11 22 40 47 48  
36 08.09.1984 2 4 28 38 40 43  
37 15.09.1984 5 7 21 31 42 48  
38 22.09.1984 5 12 14 38 44 48  
39 29.09.1984 5 9 12 23 32 46  
40 06.10.1984 12 15 29 34 36 47  
41 13.10.1984 1 14 20 22 40 45  
42 20.10.1984 7 9 16 38 44 49  
43 27.10.1984 19 32 33 34 40 49  
44 03.11.1984 4 10 13 30 33 42  
45 10.11.1984 11 12 19 21 36 49  
46 17.11.1984 7 9 10 19 43 45  
47 24.11.1984 10 13 17 21 46 48  
48 01.12.1984 17 23 33 37 40 42  
49 08.12.1984 3 6 36 37 38 49  
50 15.12.1984 2 26 29 36 39 49  
51 22.12.1984 15 17 18 24 31 44  
52 29.12.1984 7 13 17 20 23 43  \n
