1 04.01.1986 8 31 32 33 43 46  
2 11.01.1986 7 8 10 31 32 38  
3 18.01.1986 3 19 28 29 36 41  
4 25.01.1986 20 24 27 31 45 48  
5 01.02.1986 3 6 33 37 42 43  
6 08.02.1986 11 29 30 31 48 49  
7 15.02.1986 14 17 29 33 44 48  
8 22.02.1986 6 10 18 27 41 48  
9 01.03.1986 11 13 24 26 41 42  
10 08.03.1986 5 14 17 33 37 43  
11 15.03.1986 20 23 28 35 36 42  
12 22.03.1986 5 6 18 19 26 44  
13 29.03.1986 3 6 29 31 41 45  
14 05.04.1986 1 21 24 27 45 49  
15 12.04.1986 11 19 24 42 46 47  
16 19.04.1986 1 21 23 24 36 44  
17 26.04.1986 3 24 33 35 44 49  
18 03.05.1986 8 15 33 37 38 49  
19 10.05.1986 3 8 14 37 41 42  
20 17.05.1986 5 12 22 23 36 49  
21 24.05.1986 5 12 18 26 39 42  
22 31.05.1986 6 12 15 30 31 49  
23 07.06.1986 3 13 14 27 38 39  
24 14.06.1986 5 17 18 22 28 47  
25 21.06.1986 10 21 27 29 32 49  
26 28.06.1986 1 3 31 37 40 45  
27 05.07.1986 2 5 6 15 18 27  
28 12.07.1986 10 22 23 30 34 40  
29 19.07.1986 4 6 18 28 29 45  
30 26.07.1986 8 16 22 27 28 29  
31 02.08.1986 6 32 33 35 44 47  
32 09.08.1986 8 14 17 34 38 43  
33 16.08.1986 2 3 28 31 42 49  
34 23.08.1986 18 23 26 32 34 45  
35 30.08.1986 1 19 32 37 39 48  
36 06.09.1986 15 16 31 32 37 49  
37 13.09.1986 6 10 14 16 23 28  
38 20.09.1986 3 8 13 23 35 38  
39 27.09.1986 17 20 27 39 47 49  
40 04.10.1986 4 9 20 21 25 35  
41 11.10.1986 7 17 22 26 27 35  
42 18.10.1986 5 25 30 31 38 41  
43 25.10.1986 10 14 19 42 44 46  
44 01.11.1986 11 15 17 20 34 41  
45 08.11.1986 3 5 8 23 43 48  
46 15.11.1986 16 23 26 28 45 46  
47 22.11.1986 6 11 12 16 17 27  
48 29.11.1986 2 5 6 18 25 29  
49 06.12.1986 5 9 14 28 31 33  
50 13.12.1986 1 10 13 15 35 45  
51 20.12.1986 15 25 27 30 42 48  
52 27.12.1986 7 15 21 25 28 34  \n
