31 01.08.2009 2 16 30 35 44 46 8 
32 08.08.2009 9 19 32 34 38 41 2 
33 15.08.2009 3 5 8 23 34 42 5 
34 22.08.2009 8 12 14 17 22 25 9 
35 29.08.2009 13 23 24 35 36 44 6 
36 05.09.2009 4 12 24 25 26 45 8 
37 12.09.2009 5 19 23 34 40 41 8 
38 19.09.2009 11 14 17 22 33 39 0 
39 26.09.2009 8 9 25 33 39 45 4 
40 03.10.2009 11 16 19 27 34 36 4 
41 10.10.2009 15 16 20 24 27 40 8 
42 17.10.2009 24 31 39 43 44 45 4 
43 24.10.2009 5 18 22 24 39 48 1 
44 31.10.2009 7 13 21 22 25 33 7 
45 07.11.2009 1 9 27 28 34 37 8 
46 14.11.2009 1 3 10 11 25 44 8 
47 21.11.2009 4 8 14 24 44 47 1 
48 28.11.2009 24 30 33 34 36 45 6 
49 05.12.2009 6 7 8 16 29 42 8 
50 12.12.2009 4 18 22 26 38 49 5 
51 19.12.2009 7 14 15 18 29 47 3 
52 26.12.2009 7 11 16 24 39 49 8 \n
