1 07.01.2012 22 24 29 33 37 47 2 
2 14.01.2012 1 6 7 11 20 32 8 
3 21.01.2012 26 27 43 45 46 49 4 
4 28.01.2012 1 16 19 27 37 48 4 
5 04.02.2012 10 15 24 27 40 45 5 
6 11.02.2012 2 11 32 34 48 49 1 
7 18.02.2012 3 13 25 27 40 47 5 
8 25.02.2012 7 11 14 16 43 48 1 
9 03.03.2012 4 22 24 33 40 48 9 
10 10.03.2012 1 10 15 21 26 35 1 
11 17.03.2012 3 7 23 33 42 43 2 
12 24.03.2012 22 35 37 39 43 49 7 
13 31.03.2012 1 25 26 27 40 43 5 
14 07.04.2012 2 10 12 15 35 44 7 
15 14.04.2012 26 29 37 39 42 48 8 
16 21.04.2012 6 7 19 20 24 41 5 
17 28.04.2012 11 17 20 33 37 47 0 
18 05.05.2012 5 8 14 28 31 48 5 
19 12.05.2012 13 18 30 31 34 36 9 
20 19.05.2012 20 34 36 42 43 47 5 
21 26.05.2012 5 11 15 34 44 48 4 
22 02.06.2012 9 13 26 30 37 41 4 
23 09.06.2012 10 15 17 22 28 31 9 
24 16.06.2012 1 17 28 33 46 48 8 
25 23.06.2012 11 13 19 27 33 39 4 
26 30.06.2012 7 8 20 22 30 41 4 
27 07.07.2012 6 10 29 30 43 49 2 
28 14.07.2012 6 9 10 22 29 33 0 
29 21.07.2012 4 24 26 31 38 40 0 
30 28.07.2012 16 27 31 37 41 49 7 
31 04.08.2012 15 18 22 23 38 40 8 
32 11.08.2012 1 2 3 20 47 49 3 
33 18.08.2012 5 16 28 32 34 40 4 
34 25.08.2012 16 17 22 25 27 35 4 
35 01.09.2012 3 6 7 16 26 48 5 
36 08.09.2012 19 38 39 41 48 49 3 
37 15.09.2012 6 8 9 34 41 48 0 
38 22.09.2012 7 24 40 41 48 49 0 
39 29.09.2012 1 4 20 34 39 41 0 
40 06.10.2012 8 20 22 34 44 46 5 
41 13.10.2012 9 10 36 37 42 43 8 
42 20.10.2012 6 8 11 15 26 33 9 
43 27.10.2012 11 23 33 39 44 46 9 
44 03.11.2012 7 8 26 42 43 46 3 
45 10.11.2012 2 3 25 28 38 49 1 
46 17.11.2012 5 7 15 24 32 36 4 
47 24.11.2012 2 12 23 28 32 48 3 
48 01.12.2012 2 3 4 6 23 45 3 
49 08.12.2012 15 19 27 34 42 48 6 
50 15.12.2012 4 25 27 30 31 40 6 
51 22.12.2012 11 23 32 38 44 49 4 
52 29.12.2012 11 25 31 35 38 43 4 \n
