1 04.01.2014 16 19 25 36 39 48 1 
2 11.01.2014 5 8 14 23 29 38 1 
3 18.01.2014 11 15 16 26 32 36 2 
4 25.01.2014 24 32 36 37 45 48 8 
5 01.02.2014 17 18 42 46 47 49 2 
6 08.02.2014 4 18 29 33 42 44 4 
7 15.02.2014 7 8 17 31 44 48 1 
8 22.02.2014 25 26 30 32 39 46 5 
9 01.03.2014 5 13 24 28 38 47 1 
10 08.03.2014 10 16 24 32 43 45 9 
11 15.03.2014 3 12 23 33 36 41 9 
12 22.03.2014 7 10 29 30 34 46 6 
13 29.03.2014 5 7 8 11 20 24 1 
14 05.04.2014 14 17 21 37 42 47 4 
15 12.04.2014 13 16 28 38 48 49 1 
16 19.04.2014 3 4 25 46 47 48 4 
17 26.04.2014 3 7 23 34 35 48 1 
18 03.05.2014 2 14 34 35 40 41 3 
19 10.05.2014 9 11 20 21 26 42 1 
20 17.05.2014 9 21 24 37 39 42 9 
21 24.05.2014 2 7 13 16 27 34 9 
22 31.05.2014 5 13 17 19 31 41 5 
23 07.06.2014 12 23 27 35 42 47 2 \n
