 1  01.01.2014  6  8  23  24  25  46  6 
 2  04.01.2014  16  19  25  36  39  48  1 
 3  08.01.2014  20  28  31  36  44  45  9 
 4  11.01.2014  5  8  14  23  29  38  1 
 5  15.01.2014  6  22  39  41  43  49  4 
 6  18.01.2014  11  15  16  26  32  36  2 
 7  22.01.2014  2  18  23  26  42  46  8 
 8  25.01.2014  24  32  36  37  45  48  8 
 9  29.01.2014  3  12  15  26  34  36  5 
 10  01.02.2014  17  18  42  46  47  49  2 
 11  05.02.2014  7  9  16  17  26  32  1 
 12  08.02.2014  4  18  29  33  42  44  4 
 13  12.02.2014  10  15  16  18  35  37  5 
 14  15.02.2014  7  8  17  31  44  48  1 
 15  19.02.2014  4  18  21  29  36  43  3 
 16  22.02.2014  25  26  30  32  39  46  5 
 17  26.02.2014  8  9  11  19  31  48  7 
 18  01.03.2014  5  13  24  28  38  47  1 
 19  05.03.2014  5  13  16  33  34  44  3 
 20  08.03.2014  10  16  24  32  43  45  9 
 21  12.03.2014  4  7  12  27  31  38  4 
 22  15.03.2014  3  12  23  33  36  41  9 
 23  19.03.2014  1  7  10  23  25  40  3 
 24  22.03.2014  7  10  29  30  34  46  6 
 25  26.03.2014  3  22  30  36  38  43  4 
 26  29.03.2014  5  7  8  11  20  24  1 
 27  02.04.2014  4  6  20  28  42  48  0 
 28  05.04.2014  14  17  21  37  42  47  4 
 29  09.04.2014  6  12  32  39  43  46  9 
 30  12.04.2014  13  16  28  38  48  49  1 
 31  16.04.2014  18  24  28  30  35  49  8 
 32  19.04.2014  3  4  25  46  47  48  4 
 33  23.04.2014  12  13  22  23  40  44  3 
 34  26.04.2014  3  7  23  34  35  48  1 
 35  30.04.2014  6  10  30  35  38  48  6 
 36  03.05.2014  2  14  34  35  40  41  3 
 37  07.05.2014  1  19  23  25  28  30  9 
 38  10.05.2014  9  11  20  21  26  42  1 
 39  14.05.2014  2  7  22  30  32  39  8 
 40  17.05.2014  9  21  24  37  39  42  9 
 41  21.05.2014  2  5  6  16  21  31  4 
 42  24.05.2014  2  7  13  16  27  34  9 
 43  28.05.2014  10  13  16  29  40  44  0 
 44  31.05.2014  5  13  17  19  31  41  5 
 45  04.06.2014  20  21  24  27  28  43  0 
 46  07.06.2014  12  23  27  35  42  47  2 
 47  11.06.2014  3  6  11  21  43  44  1 
